168.43,168.378,168.525,168.375,168.292,
168.377,168.292,168.422,168.291,168.278,
168.291,168.278,168.362,168.233,168.341,
168.278,168.341,168.369,168.278,168.239,
168.341,168.239,168.341,168.218,168.181,
168.238,168.181,168.265,168.128,168.109,
168.181,168.109,168.186,168.079,167.881,
168.107,167.881,168.161,167.872,168.041,
167.879,168.041,168.156,167.879,168.014,
168.038,168.014,168.078,167.898,168.067,
168.014,168.067,168.083,167.874,168.188,
168.072,168.188,168.188,168.033,168.143,
168.188,168.143,168.215,168.07,168.104,
168.144,168.104,168.17,167.966,168.063,
168.102,168.063,168.108,168.019,168.071,
168.063,168.071,168.132,168.057,168.022,
168.065,168.022,168.102,168.02,168.027,
168.022,168.027,168.046,167.959,168.085,
168.03,168.085,168.091,168.022,168.109,
168.089,168.109,168.153,168.081,168.107,
168.107,168.107,168.137,168.055,168.064,
168.106,168.064,168.115,168.017,168.116,
168.068,168.116,168.129,168.034,168.126,
168.114,168.126,168.139,168.07,168.114,
168.122,168.114,168.144,168.07,168.134,
168.111,168.134,168.164,168.102,168.093,
168.13,168.093,168.159,168.077,168.163,
168.093,168.163,168.171,168.057,168.096,
168.162,168.096,168.164,168.036,168.193,
168.096,168.193,168.215,168.089,168.097,
168.193,168.097,168.212,168.094,167.994,
168.097,167.994,168.109,167.97,167.913,
167.994,167.913,168.082,167.913,167.767,
167.913,167.767,167.983,167.72,167.658,
167.749,167.658,167.797,167.608,167.786,
167.658,167.786,167.834,167.622,167.605,
167.784,167.605,167.784,167.55,167.366,
167.608,167.366,167.622,167.286,166.946,
167.361,166.946,167.378,166.889,166.758,
166.945,166.758,167.111,166.697,166.839,
166.759,166.839,166.887,166.737,166.902,
166.84,166.902,166.952,166.742,167.078,
166.902,167.078,167.158,166.902,166.804,
167.086,166.804,167.103,166.71,166.747,
166.805,166.747,166.886,166.726,166.697,
166.742,166.697,166.846,166.689,166.872,
166.697,166.872,166.873,166.69,167.039,
166.873,167.039,167.051,166.838,166.894,
167.041,166.894,167.171,166.887,166.827,
166.898,166.827,166.964,166.81,166.737,
166.829,166.737,166.841,166.484,166.691,
166.731,166.691,166.899,166.655,166.45,
166.674,166.45,166.952,165.97,166.29,
166.467,166.29,166.574,166.201,165.915,
166.29,165.915,166.309,165.632,165.698,
165.915,165.698,165.959,165.682,165.731,
165.697,165.731,165.986,165.539,165.54,
165.731,165.54,165.765,165.511,165.468,
165.533,165.468,165.631,165.394,165.36,
165.468,165.36,165.523,165.311,165.198,
165.359,165.198,165.359,165.087,165.605,
165.2,165.605,165.627,165.174,165.627,
165.609,165.627,165.771,165.406,165.936,
165.626,165.936,165.953,165.601,165.843,
165.935,165.843,165.98,165.749,165.795,
165.841,165.795,165.991,165.733,165.828,
165.794,165.828,165.852,165.66,165.679,
165.828,165.679,165.841,165.585,165.963,
165.682,165.963,166.039,165.649,165.751,
165.963,165.751,166.012,165.748,165.655,
165.745,165.655,165.823,165.505,165.771,
165.651,165.771,165.844,165.648,165.761,
165.775,165.761,165.799,165.662,165.783,
165.76,165.783,165.832,165.706,165.759,
165.784,165.759,165.836,165.748,165.719,
165.76,165.719,165.783,165.701,165.639,
165.719,165.639,165.733,165.637,165.503,
165.638,165.503,165.646,165.425,165.536,
165.503,165.536,165.569,165.483,165.51,
165.535,165.51,165.562,165.472,165.496,
165.513,165.496,165.575,165.453,165.526,
165.494,165.526,165.538,165.471,165.5,
165.526,165.5,165.606,165.49,165.481,
165.5,165.481,165.521,165.397,165.453,
165.481,165.453,165.504,165.404,165.433,
165.455,165.433,165.481,165.379,165.396,
165.435,165.396,165.45,165.362,165.335,
165.397,165.335,165.471,165.335,165.38,
165.399,165.38,165.422,165.37,165.377,
165.38,165.377,165.49,165.237,165.225,
165.377,165.225,165.457,165.225,165.35,
165.249,165.35,165.35,165.249,165.217,
165.35,165.217,165.439,165.181,165.27,
165.206,165.27,165.281,165.137,165.402,
165.27,165.402,165.413,165.244,165.409,
165.402,165.409,165.464,165.368,165.557,
165.408,165.557,165.557,165.388,165.606,
165.559,165.606,165.606,165.528,165.609,
165.603,165.609,165.617,165.519,165.746,
165.609,165.746,165.758,165.609,165.782,
165.746,165.782,165.841,165.703,165.902,
165.788,165.902,165.913,165.765,165.579,
165.903,165.579,165.908,165.536,165.732,
165.58,165.732,165.768,165.57,165.676,
165.739,165.676,165.766,165.595,165.627,
165.673,165.627,165.676,165.475,165.738,
165.625,165.738,165.775,165.618,165.838,
165.736,165.838,165.86,165.674,165.888,
165.836,165.888,165.91,165.749,165.798,
165.889,165.798,165.946,165.767,165.96,
165.797,165.96,165.966,165.797,165.944,
165.958,165.944,166.006,165.924,165.966,
165.941,165.966,165.978,165.896,165.956,
165.97,165.956,166.043,165.906,166.038,
165.955,166.038,166.039,165.95,166.0,
166.037,166.0,166.046,165.957,166.011,
165.998,166.011,166.078,165.973,166.015,
166.007,166.015,166.057,165.998,166.09,
166.021,166.09,166.105,166.008,166.102,
166.091,166.102,166.268,166.055,166.11,
166.104,166.11,166.205,166.096,166.093,
166.117,166.093,166.176,166.043,165.92,
166.092,165.92,166.101,165.899,165.826,
165.922,165.826,165.923,165.805,165.851,
165.833,165.851,165.915,165.795,165.98,
165.867,165.98,166.036,165.828,166.038,
165.977,166.038,166.15,165.858,166.034,
166.039,166.034,166.136,165.975,165.942,
166.006,165.942,166.113,165.877,165.923,
165.949,165.923,165.98,165.84,165.735,
165.924,165.735,166.015,165.73,165.645,
165.735,165.645,165.743,165.516,165.631,
165.642,165.631,165.818,165.604,165.467,
165.628,165.467,165.63,165.407,165.784,
165.465,165.784,165.8,165.463,165.768,
165.779,165.768,165.855,165.685,165.79,
165.766,165.79,165.877,165.766,166.013,
165.784,166.013,166.108,165.779,165.893,
166.013,165.893,166.12,165.861,165.804,
165.891,165.804,165.93,165.771,165.849,
165.804,165.849,165.931,165.761,165.981,
165.849,165.981,166.014,165.827,165.844,
165.98,165.844,166.07,165.831,165.8,
165.842,165.8,165.842,165.673,165.686,
165.799,165.686,165.814,165.526,165.543,
165.679,165.543,165.779,165.48,165.564,
165.542,165.564,165.597,165.469,165.522,
165.561,165.522,165.675,165.519,165.536,
165.526,165.536,165.628,165.42,165.448,
165.536,165.448,165.562,165.294,165.61,
165.328,165.61,165.731,165.057,165.843,
165.606,165.843,165.951,165.45,165.959,
165.848,165.959,166.086,165.691,165.92,
165.962,165.92,166.042,165.834,165.634,
165.922,165.634,166.032,165.603,165.848,
165.639,165.848,165.936,165.549,166.268,
165.848,166.268,166.372,165.799,166.098,
166.266,166.098,166.352,166.061,165.988,
166.105,165.988,166.127,165.905,166.001,
165.991,166.001,166.09,165.887,166.134,
166.02,166.134,166.134,165.982,165.949,
166.128,165.949,166.14,165.922,166.023,
165.951,166.023,166.2,165.941,166.028,
166.017,166.028,166.188,165.961,166.066,
166.022,166.066,166.146,165.922,166.218,
166.072,166.218,166.34,166.072,166.075,
166.219,166.075,166.219,166.057,166.22,
166.077,166.22,166.297,166.041,166.243,
166.225,166.243,166.326,166.18,166.352,
166.245,166.352,166.386,166.195,166.37,
166.354,166.37,166.409,166.291,166.575,
166.372,166.575,166.6,166.362,166.546,
166.572,166.546,166.621,166.512,166.792,
166.541,166.792,166.811,166.53,166.838,
166.783,166.838,166.861,166.75,166.846,
166.838,166.846,166.882,166.727,166.935,
166.847,166.935,166.969,166.81,166.778,
166.935,166.778,166.974,166.736,166.749,
166.777,166.749,166.829,166.719,166.825,
166.747,166.825,166.835,166.676,166.777,
166.823,166.777,166.89,166.774,166.704,
166.78,166.704,166.825,166.704,166.755,
166.705,166.755,166.783,166.684,166.739,
166.752,166.739,166.783,166.686,165.966,
166.197,165.966,166.207,165.777,166.089,
165.927,166.089,166.332,165.873,166.25,
166.08,166.25,166.455,165.996,166.281,
166.25,166.281,166.338,165.999,166.547,
166.281,166.547,166.588,166.178,166.367,
166.551,166.367,166.574,166.351,166.405,
166.359,166.405,166.467,166.241,166.381,
166.401,166.381,166.445,166.344,166.444,
166.382,166.444,166.516,166.354,166.488,
166.452,166.488,166.491,166.396,166.552,
166.487,166.552,166.63,166.454,166.557,
166.542,166.557,166.596,166.447,166.47,
166.557,166.47,166.562,166.419,166.432,
166.473,166.432,166.54,166.384,166.619,
166.43,166.619,166.665,166.418,166.594,
166.619,166.594,166.706,166.512,166.635,
166.595,166.635,166.692,166.561,166.676,
166.637,166.676,166.695,166.597,166.738,
166.678,166.738,166.778,166.624,166.751,
166.734,166.751,166.771,166.689,166.741,
166.75,166.741,166.762,166.683,166.784,
166.741,166.784,166.785,166.715,166.789,
166.785,166.789,166.798,166.737,166.796,
166.79,166.796,166.812,166.765,166.8,
166.796,166.8,166.821,166.73,166.695,
166.8,166.695,166.809,166.692,166.755,
166.693,166.755,166.77,166.668,166.757,
166.754,166.757,166.781,166.712,166.77,
166.754,166.77,166.841,166.717,166.789,
166.77,166.789,166.818,166.761,166.829,
166.787,166.829,166.901,166.779,166.796,
166.825,166.796,166.855,166.75,166.792,
166.799,166.792,166.804,166.699,166.789,
166.788,166.789,166.818,166.702,166.725,
166.787,166.725,166.794,166.725,166.73,
166.724,166.73,166.762,166.607,166.709,
166.725,166.709,166.811,166.674,166.717,
166.709,166.717,166.824,166.707,166.648,
166.718,166.648,166.85,166.575,166.735,
166.67,166.735,166.768,166.614,167.002,
166.737,167.002,167.019,166.694,167.215,
167.009,167.215,167.34,167.006,167.467,
167.213,167.467,167.523,167.204,167.764,
167.465,167.764,167.874,167.43,168.121,
167.765,168.121,168.211,167.662,168.06,
168.121,168.06,168.242,167.981,168.016,
168.058,168.016,168.089,167.941,167.842,
167.999,167.842,168.006,167.795,167.878,
167.842,167.878,167.958,167.724,167.937,
167.881,167.937,167.985,167.833,167.778,
167.937,167.778,167.98,167.708,167.99,
167.779,167.99,168.022,167.733,168.021,
167.988,168.021,168.081,167.978,168.121,
168.019,168.121,168.14,168.016,168.023,
168.124,168.023,168.254,168.001,167.803,
168.027,167.803,168.038,167.802,167.892,
167.801,167.892,167.93,167.783,167.652,
167.892,167.652,167.979,167.641,167.729,
167.652,167.729,167.767,167.623,167.826,
167.73,167.826,167.858,167.704,167.747,
167.824,167.747,167.879,167.637,167.708,
167.746,167.708,167.78,167.63,167.719,
167.71,167.719,167.836,167.693,167.828,
167.71,167.828,167.877,167.644,167.853,
167.831,167.853,167.853,167.714,167.75,
167.855,167.75,167.916,167.707,167.767,
167.755,167.767,167.792,167.55,167.73,
167.766,167.73,167.837,167.638,167.802,
167.728,167.802,167.889,167.728,167.865,
167.803,167.865,167.882,167.757,167.74,
167.87,167.74,167.898,167.699,167.918,
167.735,167.918,167.949,167.692,167.911,
167.91,167.911,167.944,167.817,168.057,
167.91,168.057,168.071,167.891,168.073,
168.059,168.073,168.118,167.955,168.063,
168.075,168.063,168.113,168.019,168.441,
168.062,168.441,168.453,168.032,168.553,
168.446,168.553,168.607,168.422,168.537,
168.555,168.537,168.611,168.488,168.754,
168.535,168.754,168.76,168.479,168.748,
168.754,168.748,168.764,168.702,168.979,
168.748,168.979,168.98,168.732,168.827,
168.983,168.827,169.017,168.794,168.894,
168.827,168.894,168.968,168.807,168.999,
168.899,168.999,169.012,168.899,169.015,
169.0,169.015,169.083,168.977,169.02,
169.016,169.02,169.077,169.0,169.036,
169.019,169.036,169.088,168.995,169.002,
169.035,169.002,169.073,168.981,168.973,
169.007,168.973,169.05,168.94,168.862,
168.973,168.862,169.017,168.855,168.739,
168.861,168.739,168.863,168.677,168.812,
168.739,168.812,168.867,168.739,168.795,
168.811,168.795,168.849,168.78,168.86,
168.796,168.86,168.86,168.792,168.751,
168.858,168.751,168.871,168.751,168.689,
168.751,168.689,168.79,168.585,168.672,
168.683,168.672,168.702,168.595,168.698,
168.672,168.698,168.762,168.659,168.679,
168.696,168.679,168.712,168.645,168.874,
168.637,168.874,168.893,168.637,168.868,
168.882,168.868,168.914,168.861,168.857,
168.864,168.857,168.897,168.814,168.805,
168.858,168.805,168.958,168.804,168.737,
168.804,168.737,168.875,168.737,168.763,
168.739,168.763,168.772,168.695,168.82,
168.762,168.82,168.838,168.712,168.982,
168.822,168.982,169.011,168.747,169.021,
168.986,169.021,169.039,168.885,168.917,
169.016,168.917,169.074,168.904,168.91,
168.916,168.91,169.032,168.899,168.907,
168.91,168.907,168.937,168.801,168.741,
168.908,168.741,168.991,168.737,168.786,
168.741,168.786,168.8,168.667,168.754,
168.786,168.754,168.809,168.708,168.799,
168.759,168.799,168.81,168.708,168.719,
168.8,168.719,168.805,168.673,168.73,
168.723,168.73,168.789,168.703,168.765,
168.729,168.765,168.788,168.726,168.8,
168.763,168.8,168.814,168.757,168.689,
168.799,168.689,168.802,168.668,168.615,
168.696,168.615,168.713,168.58,168.55,
168.616,168.55,168.62,168.522,168.564,
168.543,168.564,168.57,168.515,168.575,
168.567,168.575,168.59,168.521,168.591,
168.575,168.591,168.644,168.562,168.594,
168.591,168.594,168.608,168.506,168.564,
168.594,168.564,168.655,168.563,168.496,
168.564,168.496,168.613,168.468,168.502,
168.491,168.502,168.574,168.481,168.614,
168.501,168.614,168.634,168.451,168.506,
168.609,168.506,168.622,168.435,168.462,
168.512,168.462,168.579,168.381,168.54,
168.472,168.54,168.546,168.385,168.376,
168.535,168.376,168.544,168.317,168.3,
168.373,168.3,168.383,168.284,168.347,
168.312,168.347,168.37,168.17,168.218,
168.347,168.218,168.352,168.108,168.229,
168.212,168.229,168.372,168.202,167.949,
168.23,167.949,168.23,167.943,167.762,
167.938,167.762,168.005,167.737,167.953,
167.763,167.953,167.983,167.733,167.819,
167.953,167.819,167.962,167.666,168.019,
167.826,168.019,168.056,167.806,167.912,
168.018,167.912,168.082,167.864,167.869,
167.915,167.869,168.009,167.804,167.846,
167.87,167.846,168.022,167.831,167.615,
167.849,167.615,167.893,167.535,167.638,
167.611,167.638,167.721,167.552,167.659,
167.636,167.659,167.736,167.627,167.67,
167.658,167.67,167.785,167.642,167.77,
167.672,167.77,167.882,167.625,167.771,
167.771,167.771,167.827,167.692,167.693,
167.769,167.693,167.792,167.688,167.675,
167.692,167.675,167.745,167.64,167.522,
167.68,167.522,167.703,167.482,167.365,
167.535,167.365,167.646,167.358,167.364,
167.363,167.364,167.426,167.3,167.419,
167.366,167.419,167.463,167.339,167.525,
167.417,167.525,167.578,167.394,167.587,
167.527,167.587,167.62,167.499,167.636,
167.585,167.636,167.665,167.559,167.628,
167.636,167.628,167.743,167.586,167.356,
167.637,167.356,167.658,167.311,167.639,
167.355,167.639,167.639,167.31,167.862,
167.639,167.862,168.095,167.621,168.101,
167.883,168.101,168.114,167.757,168.249,
168.1,168.249,168.316,167.978,168.135,
168.249,168.135,168.273,168.092,168.222,
168.134,168.222,168.295,168.119,168.505,
168.221,168.505,168.533,168.182,168.54,
168.513,168.54,168.588,168.431,168.478,
168.538,168.478,168.612,168.458,168.613,
168.482,168.613,168.627,168.433,168.575,
168.611,168.575,168.649,168.55,168.494,
168.576,168.494,168.58,168.491,168.417,
168.493,168.417,168.495,168.375,168.312,
168.419,168.312,168.427,168.233,168.208,
168.306,168.208,168.306,168.161,168.097,
168.208,168.097,168.229,168.05,167.995,
168.093,167.995,168.13,167.889,167.818,
167.995,167.818,168.006,167.771,167.886,
167.817,167.886,167.899,167.745,167.892,
167.886,167.892,167.941,167.838,167.918,
167.889,167.918,167.965,167.881,167.981,
167.918,167.981,168.003,167.914,167.96,
167.982,167.96,168.101,167.921,167.987,
167.957,167.987,167.995,167.893,168.042,
167.978,168.042,168.047,167.96,168.115,
168.044,168.115,168.125,168.014,168.153,
168.118,168.153,168.161,168.093,168.082,
168.152,168.082,168.218,168.082,167.899,
167.969,167.899,167.969,167.872,168.039,
167.893,168.039,168.067,167.893,168.126,
168.041,168.126,168.167,168.024,168.171,
168.123,168.171,168.177,168.065,167.981,
168.172,167.981,168.186,167.923,167.911,
167.98,167.911,167.989,167.858,167.671,
167.91,167.671,167.93,167.643,167.83,
167.67,167.83,167.906,167.667,167.716,
167.829,167.716,167.881,167.694,167.725,
167.714,167.725,167.761,167.679,167.817,
167.735,167.817,167.849,167.709,167.985,
167.817,167.985,168.031,167.808,167.976,
167.984,167.976,168.1,167.952,168.005,
167.97,168.005,168.085,167.922,167.915,
168.003,167.915,168.08,167.89,167.86,
167.917,167.86,167.945,167.835,167.868,
167.853,167.868,167.895,167.828,167.897,
167.866,167.897,167.932,167.808,167.955,
167.9,167.955,168.016,167.828,167.855,
167.956,167.855,167.996,167.855,167.855,
167.853,167.855,167.935,167.796,168.044,
167.857,168.044,168.055,167.833,167.901,
168.044,167.901,168.092,167.873,168.042,
167.904,168.042,168.084,167.896,167.942,
168.043,167.942,168.084,167.92,167.991,
167.941,167.991,168.008,167.935,168.083,
167.993,168.083,168.09,167.989,168.029,
168.08,168.029,168.095,168.0,168.077,
168.02,168.077,168.129,167.999,168.203,
168.076,168.203,168.224,168.069,168.08,
168.201,168.08,168.223,168.04,168.144,
168.078,168.144,168.207,168.072,168.153,
168.158,168.153,168.206,168.06,168.181,
168.153,168.181,168.205,168.131,168.175,
168.18,168.175,168.184,168.07,167.977,
168.175,167.977,168.188,167.969,168.195,
167.983,168.195,168.243,167.983,168.279,
168.198,168.279,168.304,168.195,168.048,
168.277,168.048,168.315,168.042,167.678,
168.05,167.678,168.096,167.605,167.904,
167.678,167.904,168.003,167.678,167.999,
167.91,167.999,168.07,167.883,168.008,
167.999,168.008,168.042,167.871,167.858,
168.007,167.858,168.016,167.791,167.77,
167.859,167.77,167.903,167.719,167.448,
167.774,167.448,167.779,167.427,167.137,
167.446,167.137,167.471,167.014,166.925,
167.137,166.925,167.178,166.798,166.659,
166.918,166.659,166.935,166.499,166.746,
166.658,166.746,166.769,166.566,166.799,
166.747,166.799,166.848,166.635,166.608,
166.802,166.608,166.828,166.528,166.799,
166.608,166.799,166.905,166.595,167.111,
166.801,167.111,167.127,166.757,166.986,
167.105,166.986,167.149,166.957,167.001,
166.984,167.001,167.039,166.897,166.954,
166.997,166.954,167.111,166.904,166.868,
166.951,166.868,166.965,166.812,166.856,
166.864,166.856,166.985,166.825,167.001,
166.856,167.001,167.019,166.81,167.253,
167.0,167.253,167.339,166.987,167.034,
167.25,167.034,167.254,166.961,167.193,
167.032,167.193,167.234,167.016,167.067,
167.193,167.067,167.232,166.885,166.984,
167.063,166.984,167.11,166.947,166.756,
166.991,166.756,167.001,166.754,166.86,
166.751,166.86,166.927,166.675,166.794,
166.863,166.794,166.983,166.72,166.773,
166.795,166.773,166.961,166.701,166.524,
166.776,166.524,166.881,166.463,166.281,
166.522,166.281,166.634,166.277,166.424,
166.286,166.424,166.625,166.273,166.717,
166.428,166.717,166.753,166.41,166.655,
166.713,166.655,166.77,166.625,166.665,
166.65,166.665,166.707,166.507,166.531,
166.659,166.531,166.68,166.477,166.406,
166.529,166.406,166.615,166.387,166.289,
166.406,166.289,166.406,166.284,166.448,
166.285,166.448,166.476,166.282,166.351,
166.448,166.351,166.47,166.349,166.324,
166.352,166.324,166.452,166.283,166.277,
166.317,166.277,166.355,166.22,166.095,
166.277,166.095,166.277,165.969,166.214,
166.098,166.214,166.263,166.011,166.36,
166.214,166.36,166.364,166.183,166.404,
166.359,166.404,166.427,166.298,166.368,
166.404,166.368,166.433,166.301,166.345,
166.366,166.345,166.42,166.327,166.391,
166.35,166.391,166.468,166.328,166.369,
166.391,166.369,166.392,166.339,166.293,
166.37,166.293,166.383,166.276,166.29,
166.293,166.29,166.325,166.188,166.229,
166.286,166.229,166.313,166.223,166.167,
166.228,166.167,166.23,166.159,166.208,
166.166,166.208,166.22,166.136,166.17,
166.203,166.17,166.29,166.166,166.19,
166.239,166.19,166.239,166.039,166.266,
166.193,166.266,166.33,166.176,166.241,
166.27,166.241,166.295,166.227,166.274,
166.241,166.274,166.331,166.229,166.235,
166.274,166.235,166.344,166.223,166.348,
166.237,166.348,166.35,166.186,166.217,
166.348,166.217,166.36,166.204,166.193,
166.219,166.193,166.259,166.155,166.301,
166.192,166.301,166.308,166.175,166.261,
166.303,166.261,166.334,166.206,166.348,
166.261,166.348,166.422,166.214,166.394,
166.348,166.394,166.424,166.321,166.435,
166.402,166.435,166.487,166.339,166.51,
166.432,166.51,166.535,166.397,166.535,
166.51,166.535,166.611,166.456,166.52,
166.536,166.52,166.608,166.509,166.457,
166.518,166.457,166.529,166.38,166.365,
166.455,166.365,166.468,166.324,166.607,
166.37,166.607,166.66,166.365,166.548,
166.607,166.548,166.607,166.48,166.586,
166.543,166.586,166.625,166.502,166.531,
166.585,166.531,166.611,166.518,166.688,
166.528,166.688,166.688,166.511,166.615,
166.68,166.615,166.698,166.585,166.626,
166.614,166.626,166.646,166.577,166.553,
166.617,166.553,166.631,166.504,166.625,
166.557,166.625,166.629,166.536,166.703,
166.628,166.703,166.715,166.623,166.668,
166.704,166.668,166.768,166.665,166.695,
166.67,166.695,166.701,166.618,166.65,
166.689,166.65,166.716,166.625,166.695,
166.65,166.695,166.717,166.608,166.697,
166.699,166.697,166.74,166.62,166.61,
166.697,166.61,166.71,166.6,166.702,
166.609,166.702,166.71,166.568,166.628,
166.701,166.628,166.751,166.599,166.463,
166.619,166.463,166.626,166.421,166.442,
166.463,166.442,166.574,166.36,166.511,
166.443,166.511,166.53,166.395,166.531,
166.514,166.531,166.612,166.461,166.527,
166.532,166.527,166.681,166.406,166.529,
166.527,166.529,166.619,166.495,166.604,
166.528,166.604,166.655,166.413,166.538,
166.605,166.538,166.649,166.508,166.605,
166.542,166.605,166.689,166.482,166.545,
166.599,166.545,166.661,166.492,166.555,
166.546,166.555,166.653,166.513,166.423,
166.551,166.423,166.567,166.35,166.749,
166.422,166.749,166.772,166.419,166.713,
166.754,166.713,166.854,166.684,166.745,
166.714,166.745,166.841,166.649,166.882,
166.747,166.882,166.886,166.599,166.748,
166.902,166.748,166.934,166.55,166.789,
166.748,166.789,166.834,166.679,166.653,
166.792,166.653,166.843,166.653,166.654,
166.655,166.654,166.683,166.54,166.72,
166.684,166.72,166.787,166.59,166.821,
166.72,166.821,166.879,166.701,166.843,
166.819,166.843,166.905,166.725,166.624,
166.836,166.624,166.849,166.594,166.642,
166.618,166.642,166.653,166.512,166.682,
166.644,166.682,166.789,166.572,166.628,
166.91,166.628,167.359,166.481,166.816,
166.626,166.816,167.171,166.583,166.832,
166.845,166.832,167.079,166.685,166.561,
166.826,166.561,166.96,166.515,165.647,
166.561,165.647,166.561,165.344,165.642,
165.64,165.642,165.711,165.274,165.531,
165.64,165.531,165.647,165.188,165.545,
165.483,165.545,165.857,165.426,165.582,
165.541,165.582,165.695,165.452,165.356,
165.587,165.356,165.607,165.294,165.352,
165.353,165.352,165.409,165.234,165.501,
165.35,165.501,165.656,165.315,165.496,
165.505,165.496,165.58,165.44,165.529,
165.491,165.529,165.714,165.473,165.523,
165.53,165.523,165.773,165.508,165.52,
165.525,165.52,165.624,165.468,165.362,
165.516,165.362,165.613,165.358,165.462,
165.361,165.462,165.473,165.338,165.685,
165.444,165.685,165.697,165.364,165.641,
165.689,165.641,165.763,165.579,165.615,
165.639,165.615,165.672,165.582,165.565,
165.615,165.565,165.638,165.488,165.631,
165.566,165.631,165.639,165.535,165.723,
165.63,165.723,165.739,165.63,165.612,
165.723,165.612,165.763,165.573,165.867,
165.61,165.867,165.869,165.589,165.852,
165.873,165.852,165.924,165.789,165.725,
165.854,165.725,165.877,165.71,165.399,
165.724,165.399,165.727,165.344,165.425,
165.391,165.425,165.518,165.332,164.774,
165.432,164.774,165.451,164.364,164.743,
164.77,164.743,165.123,164.705,165.059,
164.738,165.059,165.105,164.727,165.051,
165.057,165.051,165.136,164.996,165.109,
164.786,165.109,165.205,164.719,165.156,
165.108,165.156,165.35,165.007,165.43,
165.154,165.43,165.598,165.128,165.679,
165.434,165.679,165.761,165.367,165.66,
165.674,165.66,166.006,165.442,165.737,
165.658,165.737,165.773,165.372,165.674,
165.74,165.674,165.74,165.467,165.742,
165.683,165.742,165.814,165.64,165.6,
165.738,165.6,165.755,165.385,165.651,
165.603,165.651,165.728,165.502,165.472,
165.645,165.472,165.723,165.47,165.446,
165.469,165.446,165.672,165.377,165.731,
165.446,165.731,165.791,165.424,165.798,
165.731,165.798,165.887,165.687,165.923,
165.797,165.923,165.983,165.777,165.841,
165.924,165.841,166.068,165.828,166.042,
165.841,166.042,166.084,165.829,166.018,
166.041,166.018,166.087,165.97,165.935,
166.022,165.935,166.058,165.902,165.789,
165.928,165.789,165.981,165.721,165.793,
165.789,165.793,165.832,165.735,165.843,
165.792,165.843,165.877,165.722,165.779,
165.844,165.779,165.908,165.756,165.655,
165.784,165.655,165.81,165.565,165.663,
165.656,165.663,165.707,165.594,165.804,
165.661,165.804,165.821,165.635,165.725,
165.803,165.725,165.816,165.648,165.553,
165.722,165.553,165.722,165.516,165.518,
165.556,165.518,165.571,165.397,165.617,
165.517,165.617,165.694,165.482,165.76,
165.644,165.76,165.779,165.518,165.865,
165.757,165.865,165.914,165.638,165.834,
165.861,165.834,165.938,165.777,165.686,
165.834,165.686,165.897,165.669,165.694,
165.69,165.694,165.774,165.613,165.642,
165.696,165.642,165.798,165.577,165.653,
165.65,165.653,165.783,165.569,165.597,
165.652,165.597,165.893,165.508,165.626,
165.603,165.626,165.701,165.53,165.829,
165.63,165.829,165.913,165.554,165.662,
165.822,165.662,165.836,165.61,165.678,
165.658,165.678,165.79,165.639,165.557,
165.677,165.557,165.677,165.474,165.459,
165.555,165.459,165.644,165.409,165.131,
165.459,165.131,165.459,165.131,165.004,
165.134,165.004,165.266,164.972,164.827,
164.992,164.827,164.992,164.643,164.607,
164.826,164.607,164.882,164.467,163.781,
164.611,163.781,164.643,163.771,163.827,
163.771,163.827,163.965,163.58,163.392,
163.822,163.392,163.828,163.025,163.794,
163.394,163.794,163.89,163.393,163.984,
163.793,163.984,164.104,163.64,164.111,
163.987,164.111,164.185,163.904,164.167,
164.124,164.167,164.259,163.831,164.053,
164.175,164.053,164.223,163.828,164.148,
164.047,164.148,164.181,163.993,164.075,
164.153,164.075,164.189,163.992,164.316,
164.083,164.316,164.357,164.076,164.344,
164.314,164.344,164.467,164.27,164.356,
164.351,164.356,164.488,164.228,164.237,
164.366,164.237,164.406,164.089,164.149,
164.235,164.149,164.317,164.132,164.054,
164.149,164.054,164.195,164.028,163.943,
164.058,163.943,164.154,163.905,163.878,
163.957,163.878,163.973,163.789,163.633,
163.878,163.633,163.913,163.564,163.588,
163.625,163.588,163.747,163.555,163.813,
163.612,163.813,163.85,163.455,163.859,
163.811,163.859,164.037,163.701,163.697,
163.859,163.697,163.931,163.587,163.757,
163.693,163.757,163.804,163.635,163.731,
163.75,163.731,163.806,163.623,163.786,
163.731,163.786,163.955,163.723,163.91,
163.784,163.91,163.93,163.676,163.919,
163.911,163.919,163.975,163.837,163.955,
163.921,163.955,163.985,163.854,163.871,
163.955,163.871,164.004,163.851,163.832,
163.87,163.832,163.883,163.701,163.731,
163.832,163.731,163.845,163.635,163.726,
163.733,163.726,163.763,163.68,163.918,
163.726,163.918,163.995,163.723,164.038,
163.918,164.038,164.056,163.846,164.125,
164.041,164.125,164.134,163.98,164.175,
164.123,164.175,164.221,164.111,164.187,
164.175,164.187,164.226,164.074,164.162,
164.19,164.162,164.206,164.148,164.141,
164.159,164.141,164.204,164.123,163.941,
164.143,163.941,164.232,163.92,164.038,
163.941,164.038,164.054,163.923,164.143,
164.037,164.143,164.17,164.026,164.246,
164.142,164.246,164.255,164.072,164.927,
164.759,164.927,164.954,164.563,164.444,
164.95,164.444,164.992,164.403,164.49,
164.522,164.49,164.624,164.42,164.527,
164.491,164.527,164.552,164.456,164.508,
164.495,164.508,164.682,163.839,164.425,
164.506,164.425,164.559,164.356,164.511,
164.43,164.511,164.663,164.43,164.689,
164.511,164.689,164.728,164.51,164.585,
164.688,164.585,164.736,164.357,164.633,
164.585,164.633,164.676,164.524,164.537,
164.632,164.537,164.696,164.512,164.293,
164.543,164.293,164.737,164.292,164.125,
164.295,164.125,164.428,163.922,164.171,
164.128,164.171,164.235,163.979,164.087,
164.169,164.087,164.235,164.081,163.972,
164.087,163.972,164.116,163.813,163.913,
163.969,163.913,163.996,163.765,163.916,
163.915,163.916,163.988,163.878,163.893,
163.918,163.893,163.988,163.844,164.034,
163.895,164.034,164.093,163.888,163.793,
164.036,163.793,164.055,163.791,163.86,
163.794,163.86,163.904,163.773,163.833,
163.858,163.833,163.909,163.758,163.807,
163.835,163.807,163.877,163.778,163.824,
163.807,163.824,163.882,163.763,164.061,
163.824,164.061,164.077,163.816,163.986,
164.056,163.986,164.057,163.952,163.938,
163.984,163.938,164.007,163.886,164.007,
163.938,164.007,164.007,163.916,163.953,
164.006,163.953,164.06,163.89,163.931,
163.954,163.931,164.051,163.925,163.966,
163.931,163.966,164.027,163.893,163.899,
163.964,163.899,163.975,163.78,163.904,
163.899,163.904,163.996,163.841,163.77,
163.906,163.77,163.93,163.737,163.843,
163.769,163.843,163.849,163.687,163.891,
163.838,163.891,163.901,163.687,163.994,
163.894,163.994,164.073,163.889,164.087,
163.995,164.087,164.123,163.952,164.456,
164.083,164.456,164.46,164.083,164.635,
164.458,164.635,164.672,164.294,164.729,
164.635,164.729,164.757,164.619,165.133,
164.731,165.133,165.165,164.695,165.273,
165.133,165.273,165.312,165.101,165.309,
165.28,165.309,165.497,165.195,165.151,
165.311,165.151,165.327,165.119,165.404,
165.152,165.404,165.444,165.143,165.654,
165.404,165.654,165.665,165.344,165.146,
165.638,165.146,165.638,165.131,165.313,
165.145,165.313,165.326,165.069,165.291,
165.312,165.291,165.439,165.202,165.309,
165.295,165.309,165.388,165.191,165.447,
165.308,165.447,165.465,165.242,165.601,
165.449,165.601,165.693,165.438,165.593,
165.604,165.593,165.71,165.55,165.43,
165.592,165.43,165.685,165.384,165.333,
165.429,165.333,165.505,165.268,165.191,
165.332,165.191,165.346,165.151,165.339,
165.191,165.339,165.369,165.185,165.526,
165.339,165.526,165.575,165.286,165.518,
165.518,165.518,165.612,165.42,165.315,
165.514,165.315,165.522,165.161,165.237,
165.305,165.237,165.373,165.062,165.175,
165.238,165.175,165.268,165.031,165.188,
165.153,165.188,165.199,165.07,164.849,
165.186,164.849,165.214,164.838,165.004,
164.859,165.004,165.063,164.842,164.953,
164.988,164.953,165.059,164.903,164.995,
164.954,164.995,165.055,164.779,164.843,
165.001,164.843,165.071,164.795,164.659,
164.84,164.659,164.87,164.559,164.693,
164.658,164.693,164.786,164.574,164.664,
164.691,164.664,164.818,164.651,164.594,
164.662,164.594,164.663,164.56,164.74,
164.593,164.74,164.78,164.534,164.675,
164.723,164.675,164.778,164.591,164.722,
164.675,164.722,164.781,164.672,164.638,
164.725,164.638,164.761,164.579,164.893,
164.638,164.893,164.893,164.638,164.902,
164.894,164.902,164.974,164.821,164.956,
164.902,164.956,165.014,164.83,165.09,
164.957,165.09,165.113,164.933,165.101,
165.09,165.101,165.122,165.003,165.068,
165.101,165.068,165.137,164.991,164.921,
165.068,164.921,165.09,164.9,164.9,
164.919,164.9,164.953,164.878,164.693,
164.903,164.693,164.916,164.693,164.802,
164.71,164.802,164.817,164.672,164.564,
164.8,164.564,164.825,164.542,164.694,
164.565,164.694,164.727,164.543,164.659,
164.694,164.659,164.706,164.632,164.193,
164.658,164.193,164.658,164.154,164.355,
164.194,164.355,164.386,164.194,164.394,
164.355,164.394,164.453,164.346,164.407,
164.393,164.407,164.437,164.357,164.382,
164.407,164.382,164.522,164.382,164.376,
164.458,164.376,164.458,164.376,164.396,
164.386,164.396,164.434,164.386,164.441,
164.412,164.441,164.461,164.391,164.535,
164.441,164.535,164.601,164.433,164.654,
164.535,164.654,164.706,164.391,164.698,
164.656,164.698,164.722,164.599,164.647,
164.699,164.647,164.711,164.624,164.63,
164.647,164.63,164.671,164.541,164.876,
164.628,164.876,164.911,164.582,164.995,
164.871,164.995,165.024,164.871,165.025,
164.993,165.025,165.037,164.946,164.866,
165.03,164.866,165.067,164.78,164.856,
164.866,164.856,164.946,164.822,164.879,
164.856,164.879,164.922,164.774,164.844,
164.877,164.844,164.917,164.757,164.805,
164.841,164.805,164.958,164.797,164.882,
164.805,164.882,164.908,164.756,164.977,
164.883,164.977,165.04,164.883,165.129,
164.978,165.129,165.153,164.942,165.156,
165.129,165.156,165.225,164.969,165.161,
165.158,165.161,165.252,165.114,165.209,
165.161,165.209,165.287,165.151,165.308,
165.211,165.308,165.323,165.181,165.181,
165.308,165.181,165.329,165.155,165.088,
165.184,165.088,165.187,165.082,165.21,
165.084,165.21,165.289,165.046,165.108,
165.21,165.108,165.299,165.09,165.137,
165.112,165.137,165.149,165.091,165.166,
165.137,165.166,165.225,164.993,165.174,
165.167,165.174,165.206,165.11,165.249,
165.174,165.249,165.272,165.172,165.301,
165.247,165.301,165.334,165.247,165.236,
165.3,165.236,165.308,165.142,165.355,
165.239,165.355,165.367,165.205,165.365,
165.364,165.365,165.403,165.303,165.355,
165.367,165.355,165.483,165.321,165.375,
165.351,165.375,165.546,165.274,165.055,
165.381,165.055,165.408,165.042,164.683,
165.062,164.683,165.074,164.52,164.839,
164.679,164.839,164.912,164.679,164.867,
164.838,164.867,165.031,164.791,165.155,
164.865,165.155,165.205,164.855,165.183,
165.153,165.183,165.241,165.093,165.163,
165.184,165.163,165.217,165.036,164.86,
165.161,164.86,165.165,164.778,165.092,
164.848,165.092,165.095,164.832,164.833,
165.09,164.833,165.091,164.833,164.784,
164.833,164.784,164.877,164.663,164.772,
164.783,164.772,164.815,164.568,165.007,
164.778,165.007,165.037,164.778,165.147,
165.007,165.147,165.147,164.855,165.207,
165.146,165.207,165.247,165.092,165.14,
165.209,165.14,165.254,165.07,165.151,
165.142,165.151,165.312,165.118,165.208,
165.15,165.208,165.21,165.103,165.218,
165.208,165.218,165.328,165.181,165.25,
165.222,165.25,165.366,165.176,165.446,
165.25,165.446,165.514,165.205,165.722,
165.447,165.722,165.774,165.441,165.844,
165.72,165.844,165.898,165.634,165.615,
165.845,165.615,165.851,165.591,165.688,
165.618,165.688,165.813,165.479,165.568,
165.662,165.568,165.751,165.045,165.872,
165.565,165.872,165.877,165.405,165.892,
165.881,165.892,165.937,165.706,166.032,
165.889,166.032,166.106,165.813,166.05,
166.027,166.05,166.204,165.918,165.909,
166.048,165.909,166.166,165.903,166.021,
165.9,166.021,166.054,165.825,165.71,
166.028,165.71,166.051,165.656,165.725,
165.71,165.725,165.893,165.578,165.621,
165.722,165.621,165.784,165.49,165.356,
165.615,165.356,165.69,165.345,165.48,
165.356,165.48,165.49,165.322,165.642,
165.473,165.642,165.698,165.464,165.662,
165.647,165.662,165.726,165.586,165.594,
165.66,165.594,165.683,165.492,165.598,
165.592,165.598,165.667,165.553,165.573,
165.597,165.573,165.651,165.53,165.627,
165.575,165.627,165.677,165.535,165.649,
165.627,165.649,165.762,165.593,164.781,
165.646,164.781,165.67,164.715,164.777,
164.78,164.777,164.855,164.581,164.803,
164.777,164.803,164.868,164.577,164.845,
164.804,164.845,164.893,164.421,165.005,
164.841,165.005,165.179,164.733,164.944,
165.005,164.944,165.103,164.868,165.134,
164.937,165.134,165.185,164.903,165.079,
165.131,165.079,165.241,165.075,165.163,
165.079,165.163,165.248,165.079,165.141,
165.168,165.141,165.185,165.034,165.092,
165.14,165.092,165.14,164.991,165.132,
165.088,165.132,165.215,165.088,165.181,
165.134,165.181,165.226,165.114,165.294,
165.181,165.294,165.297,165.145,165.231,
165.294,165.231,165.376,165.195,165.177,
165.209,165.177,165.209,165.173,165.116,
165.172,165.116,165.206,165.11,165.221,
165.175,165.221,165.281,165.121,165.205,
165.224,165.205,165.276,165.095,164.846,
165.192,164.846,165.234,164.822,164.797,
164.846,164.797,164.935,164.691,165.036,
164.793,165.036,165.074,164.793,165.08,
165.036,165.08,165.08,164.856,165.087,
165.075,165.087,165.182,165.025,165.107,
165.085,165.107,165.125,164.98,165.025,
165.1,165.025,165.128,164.969,165.106,
165.026,165.106,165.224,165.011,165.116,
165.105,165.116,165.347,165.105,165.3,
165.116,165.3,165.3,165.059,165.638,
165.301,165.638,165.686,165.301,165.48,
165.629,165.48,165.666,165.362,165.74,
165.474,165.74,165.746,165.463,166.055,
165.739,166.055,166.068,165.729,166.137,
166.058,166.137,166.182,165.978,166.083,
166.135,166.083,166.224,166.059,166.027,
166.084,166.027,166.092,165.923,166.129,
166.028,166.129,166.246,166.027,166.01,
166.129,166.01,166.158,165.998,166.082,
166.012,166.082,166.086,165.931,165.99,
166.081,165.99,166.104,165.938,166.044,
165.988,166.044,166.066,165.959,165.858,
166.044,165.858,166.065,165.851,165.781,
165.857,165.781,165.899,165.767,165.859,
165.781,165.859,165.873,165.727,165.989,
165.858,165.989,166.075,165.858,165.798,
165.989,165.798,166.005,165.758,165.841,
165.797,165.841,165.913,165.784,166.063,
165.841,166.063,166.07,165.841,166.051,
166.061,166.051,166.133,166.001,166.117,
166.049,166.117,166.117,166.015,165.903,
166.116,165.903,166.154,165.727,165.571,
165.903,165.571,166.176,165.568,165.673,
165.568,165.673,165.866,165.567,165.66,
165.671,165.66,165.688,165.519,165.754,
165.659,165.754,165.838,165.617,165.516,
165.75,165.516,165.83,165.445,165.569,
165.518,165.569,165.678,165.501,165.777,
165.567,165.777,165.789,165.507,165.944,
165.778,165.944,165.969,165.77,165.676,
165.944,165.676,165.944,165.675,165.577,
165.665,165.577,165.695,165.538,165.71,
165.579,165.71,165.747,165.545,165.814,
165.709,165.814,165.911,165.679,166.107,
165.823,166.107,166.164,165.792,166.183,
166.108,166.183,166.33,166.108,166.126,
166.184,166.126,166.228,166.084,166.187,
166.125,166.187,166.22,166.059,166.022,
166.189,166.022,166.199,165.988,165.994,
166.021,165.994,166.08,165.965,165.893,
165.998,165.893,166.039,165.878,165.949,
165.893,165.949,166.035,165.83,165.928,
165.949,165.928,165.959,165.828,165.859,
165.927,165.859,165.946,165.818,165.944,
165.853,165.944,166.005,165.791,166.049,
165.946,166.049,166.079,165.915,166.071,
166.047,166.071,166.136,166.017,166.137,
166.073,166.137,166.206,166.054,166.149,
166.137,166.149,166.374,166.045,165.946,
166.154,165.946,166.191,165.796,165.762,
165.947,165.762,165.947,165.634,165.419,
165.757,165.419,165.797,165.377,165.339,
165.417,165.339,165.448,165.179,165.211,
165.337,165.211,165.404,165.142,165.144,
165.212,165.144,165.322,165.045,165.422,
165.138,165.422,165.438,165.128,165.441,
165.428,165.441,165.559,165.406,165.699,
165.437,165.699,165.751,165.366,165.605,
165.709,165.605,165.746,165.537,165.677,
165.612,165.677,165.738,165.595,165.833,
165.678,165.833,165.847,165.661,165.946,
165.832,165.946,166.019,165.812,165.838,
165.945,165.838,165.952,165.824,165.945,
165.837,165.945,165.966,165.832,165.952,
165.945,165.952,165.973,165.883,165.822,
165.951,165.822,165.981,165.8,165.894,
165.823,165.894,165.908,165.71,165.907,
165.894,165.907,165.969,165.849,165.928,
165.913,165.928,165.928,165.786,165.959,
165.925,165.959,165.962,165.89,165.952,
165.958,165.952,165.977,165.909,166.013,
165.955,166.013,166.027,165.918,166.047,
166.014,166.047,166.07,165.977,165.936,
166.049,165.936,166.064,165.936,165.983,
165.935,165.983,165.99,165.917,165.967,
165.982,165.967,165.995,165.931,166.057,
165.965,166.057,166.079,165.953,166.15,
166.054,166.15,166.199,166.043,166.122,
166.145,166.122,166.172,166.108,166.231,
166.125,166.231,166.234,166.117,166.245,
166.232,166.245,166.286,166.228,166.223,
166.243,166.223,166.302,166.153,166.139,
166.154,166.139,166.154,166.139,166.12,
166.139,166.12,166.149,166.117,166.184,
166.12,166.184,166.29,165.969,166.159,
166.197,166.159,166.223,166.149,166.039,
166.109,166.039,166.248,166.019,166.112,
166.028,166.112,166.116,166.004,166.081,
166.117,166.081,166.123,166.056,165.988,
166.079,165.988,166.114,165.973,166.091,
165.986,166.091,166.107,165.915,166.102,
166.088,166.102,166.142,166.001,166.053,
166.1,166.053,166.153,166.022,166.029,
166.056,166.029,166.109,165.972,165.887,
166.03,165.887,166.09,165.876,166.032,
165.884,166.032,166.053,165.884,165.944,
166.032,165.944,166.066,165.903,165.853,
165.946,165.853,165.952,165.741,165.771,
165.853,165.771,165.883,165.719,165.694,
165.771,165.694,165.811,165.694,165.784,
165.701,165.784,165.832,165.694,165.78,
165.783,165.78,165.799,165.728,165.858,
165.779,165.858,165.858,165.74,165.803,
165.854,165.803,165.914,165.778,165.792,
165.802,165.792,165.841,165.747,165.808,
165.791,165.808,165.867,165.742,165.759,
165.805,165.759,165.831,165.756,165.86,
165.759,165.86,165.86,165.741,165.814,
165.859,165.814,165.895,165.808,165.849,
165.816,165.849,165.865,165.794,165.88,
165.848,165.88,165.924,165.841,165.88,
165.878,165.88,165.986,165.864,165.872,
165.88,165.872,165.903,165.825,165.887,
165.872,165.887,165.915,165.791,165.977,
165.881,165.977,166.013,165.847,166.032,
165.983,166.032,166.032,165.957,166.102,
166.037,166.102,166.159,166.018,166.128,
166.098,166.128,166.18,166.091,166.022,
166.134,166.022,166.221,166.005,166.101,
166.017,166.101,166.115,165.988,166.179,
166.101,166.179,166.285,166.099,166.268,
166.176,166.268,166.268,166.109,166.155,
166.265,166.155,166.294,166.027,166.216,
166.157,166.216,166.266,165.993,166.24,
166.22,166.24,166.3,166.143,166.245,
166.235,166.245,166.285,166.101,166.154,
166.246,166.154,166.32,166.114,165.973,
166.149,165.973,166.205,165.95,165.912,
165.967,165.912,166.0,165.74,165.955,
165.895,165.955,165.975,165.821,165.788,
165.951,165.788,165.976,165.77,166.037,
165.788,166.037,166.063,165.783,165.874,
166.04,165.874,166.076,165.837,166.053,
165.874,166.053,166.068,165.781,165.764,
166.061,165.764,166.078,165.754,165.747,
165.758,165.747,165.793,165.677,165.524,
165.745,165.524,165.831,165.323,165.784,
165.525,165.784,165.796,165.436,165.793,
165.78,165.793,165.982,165.583,165.426,
165.796,165.426,165.838,165.376,165.511,
165.428,165.511,165.544,165.267,165.645,
165.515,165.645,165.683,165.417,165.529,
165.645,165.529,165.751,165.523,165.468,
165.536,165.468,165.641,165.388,165.448,
165.464,165.448,165.531,165.187,165.304,
165.45,165.304,165.527,165.274,165.646,
165.309,165.646,165.724,165.309,165.58,
165.646,165.58,165.707,165.527,165.638,
165.583,165.638,165.78,165.581,165.606,
165.642,165.606,165.714,165.566,165.762,
165.591,165.762,165.87,165.576,165.841,
165.761,165.841,165.864,165.689,165.716,
165.839,165.716,165.864,165.701,165.576,
165.718,165.576,165.73,165.446,165.706,
165.573,165.706,165.731,165.524,165.608,
165.708,165.608,165.717,165.495,165.752,
165.606,165.752,165.763,165.546,165.874,
165.752,165.874,165.894,165.718,166.015,
165.877,166.015,166.028,165.877,165.915,
166.013,165.915,166.02,165.909,165.977,
165.915,165.977,165.998,165.913,166.062,
165.976,166.062,166.079,165.928,166.018,
166.062,166.018,166.101,166.018,166.105,
166.017,166.105,166.155,166.005,166.219,
166.105,166.219,166.242,166.099,166.221,
166.22,166.221,166.301,166.175,166.218,
166.221,166.218,166.31,166.206,166.245,
166.217,166.245,166.266,166.169,166.22,
166.244,166.22,166.279,166.2,166.179,
166.217,166.179,166.271,166.142,166.113,
166.182,166.113,166.193,166.089,166.118,
166.113,166.118,166.151,166.106,166.153,
166.118,166.153,166.175,166.107,166.297,
166.153,166.297,166.308,166.142,166.308,
166.298,166.308,166.336,166.232,166.287,
166.306,166.287,166.32,166.267,166.289,
166.284,166.289,166.306,166.252,166.284,
166.291,166.284,166.368,166.272,166.324,
166.281,166.324,166.378,166.272,166.327,
166.324,166.327,166.329,166.275,166.346,
166.331,166.346,166.392,166.322,166.354,
166.34,166.354,166.368,166.308,166.327,
166.354,166.327,166.389,166.254,166.359,
166.331,166.359,166.414,166.327,166.453,
166.358,166.453,166.495,166.354,166.522,
166.456,166.522,166.538,166.432,166.64,
166.513,166.64,166.681,166.473,166.69,
166.64,166.69,166.818,166.623,166.613,
166.688,166.613,166.743,166.571,166.799,
166.614,166.799,166.829,166.516,166.668,
166.801,166.668,166.828,166.654,166.698,
166.672,166.698,166.703,166.588,166.549,
166.697,166.549,166.729,166.542,166.482,
166.549,166.482,166.585,166.475,166.433,
166.483,166.433,166.6,166.371,166.514,
166.433,166.514,166.577,166.417,166.363,
166.514,166.363,166.546,166.344,166.464,
166.363,166.464,166.574,166.333,166.394,
166.463,166.394,166.508,166.344,166.523,
166.387,166.523,166.525,166.367,166.637,
166.525,166.637,166.671,166.517,166.524,
166.638,166.524,166.652,166.467,166.605,
166.523,166.605,166.608,166.491,166.529,
166.611,166.529,166.615,166.513,166.473,
166.531,166.473,166.552,166.446,166.341,
166.472,166.341,166.473,166.306,166.407,
166.343,166.407,166.416,166.338,166.513,
166.404,166.513,166.547,166.389,166.548,
166.511,166.548,166.618,166.477,166.381,
166.548,166.381,166.562,166.381,166.39,
166.379,166.39,166.477,166.354,166.319,
166.384,166.319,166.412,166.297,166.321,
166.327,166.321,166.376,166.254,166.409,
166.32,166.409,166.448,166.32,166.42,
166.402,166.42,166.514,166.367,166.389,
166.421,166.389,166.451,166.343,166.495,
166.398,166.495,166.53,166.312,166.639,
166.496,166.639,166.663,166.461,166.625,
166.637,166.625,166.651,166.511,166.571,
166.624,166.571,166.725,166.511,166.527,
166.573,166.527,166.674,166.459,166.925,
166.532,166.925,166.998,166.532,166.824,
166.929,166.824,167.003,166.785,167.157,
166.822,167.157,167.188,166.815,167.062,
167.156,167.062,167.309,167.043,166.919,
167.057,166.919,167.078,166.856,166.83,
166.919,166.83,166.949,166.796,166.731,
166.831,166.731,166.901,166.715,166.784,
166.731,166.784,166.82,166.655,166.472,
166.784,166.472,166.818,166.462,166.553,
166.471,166.553,166.618,166.436,166.525,
166.55,166.525,166.579,166.471,166.468,
166.524,166.468,166.545,166.444,166.579,
166.467,166.579,166.582,166.389,166.745,
166.574,166.745,166.745,166.505,166.924,
166.747,166.924,166.947,166.747,166.891,
166.926,166.891,166.961,166.769,166.557,
166.895,166.557,166.909,166.538,166.68,
166.564,166.68,166.722,166.534,166.718,
166.679,166.718,166.757,166.622,166.687,
166.719,166.687,166.742,166.672,166.607,
166.686,166.607,166.727,166.598,166.608,
166.606,166.608,166.644,166.535,166.294,
166.614,166.294,166.614,166.203,166.307,
166.292,166.307,166.329,166.125,166.339,
166.313,166.339,166.458,166.313,166.417,
166.312,166.417,166.431,166.215,166.632,
166.422,166.632,166.645,166.415,166.74,
166.629,166.74,166.789,166.598,166.858,
166.742,166.858,166.939,166.735,166.862,
166.834,166.862,166.869,166.706,166.792,
166.865,166.792,166.893,166.769,166.704,
166.792,166.704,166.814,166.667,166.638,
166.701,166.638,166.722,166.596,166.614,
166.643,166.614,166.691,166.535,166.669,
166.613,166.669,166.679,166.563,166.63,
166.668,166.63,166.692,166.63,166.589,
166.62,166.589,166.674,166.509,166.622,
166.591,166.622,166.648,166.558,166.646,
166.623,166.646,166.653,166.547,166.741,
166.646,166.741,166.782,166.646,166.725,
166.74,166.725,166.779,166.704,166.813,
166.724,166.813,166.817,166.718,166.805,
166.813,166.805,166.854,166.795,166.797,
166.806,166.797,166.829,166.741,166.922,
166.799,166.922,166.932,166.791,166.864,
166.922,166.864,166.978,166.853,166.977,
166.863,166.977,166.983,166.861,166.961,
166.977,166.961,166.988,166.927,166.844,
166.96,166.844,166.961,166.753,166.773,
166.765,166.773,166.782,166.746,166.739,
166.773,166.739,166.791,166.739,166.742,
166.778,166.742,166.778,166.718,166.833,
166.75,166.833,166.848,166.74,166.779,
166.804,166.779,166.957,166.683,166.768,
166.786,166.768,166.816,166.683,166.677,
166.76,166.677,166.81,166.662,166.704,
166.677,166.704,166.713,166.615,166.606,
166.7,166.606,166.743,166.606,166.682,
166.608,166.682,166.742,166.604,166.585,
166.682,166.585,166.697,166.549,166.475,
166.585,166.475,166.601,166.426,166.422,
166.475,166.422,166.521,166.379,166.481,
166.427,166.481,166.488,166.348,166.382,
166.485,166.382,166.502,166.368,166.349,
166.38,166.349,166.412,166.319,166.276,
166.35,166.276,166.406,166.242,166.319,
166.269,166.319,166.355,166.196,166.269,
166.317,166.269,166.329,166.246,166.202,
166.266,166.202,166.296,166.187,166.258,
166.205,166.258,166.324,166.205,166.294,
166.256,166.294,166.318,166.225,166.323,
166.297,166.323,166.359,166.297,166.377,
166.327,166.377,166.377,166.302,166.323,
166.374,166.323,166.393,166.302,166.218,
166.325,166.218,166.339,166.218,166.275,
166.218,166.275,166.315,166.196,166.198,
166.277,166.198,166.295,166.189,166.169,
166.201,166.169,166.253,166.135,166.2,
166.171,166.2,166.21,166.095,166.137,
166.201,166.137,166.231,166.114,166.297,
166.139,166.297,166.3,166.138,166.341,
166.296,166.341,166.356,166.246,166.442,
166.341,166.442,166.461,166.339,166.29,
166.443,166.29,166.477,166.229,166.308,
166.278,166.308,166.465,166.254,166.414,
166.309,166.414,166.426,166.277,166.463,
166.414,166.463,166.507,166.394,166.477,
166.463,166.477,166.609,166.399,166.48,
166.476,166.48,166.539,166.418,166.786,
166.479,166.786,166.818,166.469,166.914,
166.781,166.914,166.94,166.649,166.809,
166.907,166.809,166.915,166.755,166.764,
166.811,166.764,166.816,166.69,166.861,
166.765,166.861,166.923,166.72,167.113,
166.86,167.113,167.135,166.826,167.294,
167.11,167.294,167.38,167.03,167.455,
167.305,167.455,167.477,167.3,167.328,
167.453,167.328,167.471,167.29,167.342,
167.323,167.342,167.357,167.259,167.325,
167.341,167.325,167.373,167.294,167.424,
167.326,167.424,167.468,167.29,167.504,
167.425,167.504,167.567,167.413,167.483,
167.503,167.483,167.543,167.413,167.604,
167.483,167.604,167.646,167.473,167.542,
167.601,167.542,167.653,167.44,167.427,
167.537,167.427,167.572,167.427,167.48,
167.426,167.48,167.535,167.366,167.545,
167.475,167.545,167.627,167.475,167.607,
167.545,167.607,167.607,167.471,167.415,
167.604,167.415,167.659,167.371,167.5,
167.42,167.5,167.512,167.297,167.38,
167.498,167.38,167.512,167.375,167.215,
167.379,167.215,167.392,167.186,167.214,
167.215,167.214,167.357,167.196,167.143,
167.216,167.143,167.231,167.065,167.101,
167.145,167.101,167.2,167.002,167.226,
167.101,167.226,167.297,167.025,167.27,
167.229,167.27,167.356,167.2,167.253,
167.272,167.253,167.342,167.182,167.185,
167.252,167.185,167.334,167.16,167.271,
167.187,167.271,167.297,167.072,167.34,
167.274,167.34,167.36,167.264,167.382,
167.346,167.382,167.412,167.293,167.383,
167.389,167.383,167.429,167.333,167.277,
167.383,167.277,167.389,167.259,167.581,
167.276,167.581,167.619,167.256,167.566,
167.58,167.566,167.637,167.528,167.689,
167.566,167.689,167.713,167.566,167.598,
167.691,167.598,167.702,167.591,167.791,
167.599,167.791,167.801,167.565,167.777,
167.791,167.777,167.793,167.735,167.85,
167.777,167.85,167.882,167.767,167.852,
167.844,167.852,167.865,167.738,167.973,
167.851,167.973,167.975,167.844,167.975,
167.971,167.975,167.99,167.933,167.976,
167.975,167.976,167.993,167.933,167.972,
167.976,167.972,167.996,167.924,167.876,
167.971,167.876,167.973,167.873,167.849,
167.876,167.849,167.886,167.776,167.855,
167.848,167.855,167.893,167.823,167.934,
167.857,167.934,167.96,167.841,167.864,
167.938,167.864,167.943,167.86,167.884,
167.865,167.884,167.926,167.861,167.983,
167.885,167.983,167.991,167.882,167.989,
167.981,167.989,168.026,167.968,167.985,
167.936,167.985,168.027,167.93,167.966,
167.985,167.966,168.007,167.925,167.969,
167.966,167.969,167.989,167.92,167.974,
167.969,167.974,167.984,167.922,167.996,
167.964,167.996,168.063,167.806,167.944,
167.996,167.944,168.037,167.931,168.005,
167.941,168.005,168.059,167.922,168.035,
168.004,168.035,168.098,167.997,168.156,
168.034,168.156,168.205,168.019,168.179,
168.156,168.179,168.296,168.129,168.09,
168.178,168.09,168.213,168.017,168.136,
168.097,168.136,168.234,168.061,168.076,
168.136,168.076,168.185,168.062,168.15,
168.079,168.15,168.185,168.067,168.161,
168.147,168.161,168.176,168.119,168.096,
168.164,168.096,168.197,168.084,168.136,
168.094,168.136,168.155,168.044,168.101,
168.137,168.101,168.195,168.095,167.989,
168.103,167.989,168.134,167.984,168.02,
167.991,168.02,168.044,167.951,168.049,
168.02,168.049,168.072,167.963,168.048,
168.047,168.048,168.068,168.019,168.103,
168.047,168.103,168.146,168.038,168.103,
168.1,168.103,168.111,168.065,167.982,
168.105,167.982,168.105,167.964,167.95,
167.967,167.95,167.971,167.917,167.971,
167.951,167.971,167.981,167.923,167.98,
167.972,167.98,167.998,167.947,167.922,
167.982,167.922,168.011,167.914,167.938,
167.923,167.938,167.985,167.906,168.037,
167.939,168.037,168.042,167.936,167.993,
168.037,167.993,168.049,167.971,168.007,
167.997,168.007,168.058,167.954,168.009,
168.009,168.009,168.061,167.99,167.978,
168.011,167.978,168.055,167.97,167.983,
167.982,167.983,168.004,167.935,168.0,
167.984,168.0,168.087,167.96,167.933,
168.001,167.933,168.025,167.867,167.918,
167.934,167.918,168.041,167.884,168.005,
167.918,168.005,168.051,167.918,167.966,
168.011,167.966,168.098,167.866,167.937,
167.968,167.937,168.024,167.873,167.788,
167.939,167.788,167.986,167.715,167.688,
167.789,167.688,167.81,167.602,167.549,
167.685,167.549,167.695,167.522,167.616,
167.55,167.616,167.684,167.544,167.765,
167.617,167.765,167.9,167.617,167.556,
167.766,167.556,167.804,167.503,167.512,
167.556,167.512,167.572,167.345,167.524,
167.512,167.524,167.595,167.463,167.63,
167.524,167.63,167.64,167.524,167.672,
167.631,167.672,167.703,167.594,167.652,
167.672,167.652,167.735,167.604,167.597,
167.645,167.597,167.796,167.572,167.626,
167.597,167.626,167.668,167.548,167.654,
167.628,167.654,167.734,167.558,167.647,
167.654,167.647,167.707,167.608,167.872,
167.645,167.872,167.929,167.602,167.929,
167.874,167.929,167.946,167.828,167.928,
167.928,167.928,167.97,167.862,168.125,
167.927,168.125,168.188,167.878,168.017,
168.124,168.017,168.15,168.012,168.011,
168.015,168.011,168.131,167.998,168.009,
168.01,168.009,168.1,167.943,168.019,
168.024,168.019,168.045,167.94,167.99,
168.022,167.99,168.04,167.929,167.839,
167.989,167.839,167.998,167.735,167.799,
167.838,167.799,167.947,167.747,167.802,
167.813,167.802,167.885,167.73,167.754,
167.804,167.754,167.938,167.737,167.909,
167.753,167.909,167.919,167.699,167.914,
167.907,167.914,167.963,167.787,167.891,
167.916,167.891,167.995,167.869,167.784,
167.89,167.784,167.909,167.775,167.682,
167.785,167.682,167.836,167.682,167.838,
167.678,167.838,167.842,167.677,167.799,
167.835,167.799,167.839,167.731,167.765,
167.799,167.765,167.822,167.694,167.736,
167.769,167.736,167.837,167.725,167.808,
167.736,167.808,167.824,167.709,167.866,
167.806,167.866,167.889,167.789,167.866,
167.866,167.866,167.878,167.809,167.81,
167.866,167.81,167.888,167.806,167.886,
167.81,167.886,167.887,167.803,167.781,
167.886,167.781,167.889,167.769,167.79,
167.78,167.79,167.824,167.764,167.727,
167.79,167.727,167.79,167.714,167.792,
167.726,167.792,167.815,167.723,167.887,
167.791,167.887,167.911,167.78,167.871,
167.886,167.871,167.886,167.821,167.86,
167.871,167.86,167.878,167.823,167.892,
167.856,167.892,167.906,167.832,167.808,
167.891,167.808,167.935,167.784,167.831,
167.807,167.831,167.865,167.788,167.8,
167.831,167.8,167.876,167.798,167.811,
167.801,167.811,167.849,167.774,167.818,
167.829,167.818,167.839,167.818,167.818,
167.798,167.818,167.839,167.798,167.802,
167.816,167.802,167.816,167.791,167.802,
167.802,167.802,167.822,167.802,167.753,
167.802,167.753,167.831,167.718,167.826,
167.754,167.826,167.854,167.746,167.85,
167.827,167.85,167.871,167.788,167.878,
167.852,167.878,167.883,167.807,167.854,
167.878,167.854,167.881,167.753,167.856,
167.853,167.856,167.865,167.81,167.865,
167.858,167.865,167.899,167.846,167.816,
167.865,167.816,167.872,167.776,167.915,
167.809,167.915,167.933,167.779,167.891,
167.92,167.891,167.956,167.861,167.971,
167.889,167.971,167.987,167.876,167.969,
167.969,167.969,167.994,167.923,167.949,
167.972,167.949,167.992,167.913,167.898,
167.949,167.898,167.975,167.882,167.955,
167.902,167.955,167.966,167.887,167.958,
167.955,167.958,167.993,167.898,167.958,
167.957,167.958,167.966,167.896,167.945,
167.958,167.945,167.984,167.92,167.976,
167.945,167.976,167.989,167.938,167.957,
167.976,167.957,167.986,167.937,167.985,
167.957,167.985,167.996,167.944,168.015,
167.986,168.015,168.026,167.973,167.965,
168.014,167.965,168.014,167.943,167.987,
167.961,167.987,167.988,167.915,168.023,
167.987,168.023,168.027,167.973,168.022,
168.023,168.022,168.047,168.008,168.022,
168.016,168.022,168.032,167.978,168.004,
168.021,168.004,168.041,167.997,168.075,
168.009,168.075,168.081,168.005,168.044,
168.075,168.044,168.083,168.037,168.027,
168.044,168.027,168.067,168.011,168.0,
168.029,168.0,168.053,167.969,168.042,
168.0,168.042,168.093,167.967,168.092,
168.04,168.092,168.178,167.998,167.998,
168.092,167.998,168.106,167.994,168.035,
167.997,168.035,168.07,167.969,167.892,
168.042,167.892,168.06,167.773,167.937,
167.892,167.937,167.991,167.871,168.001,
167.966,168.001,168.066,167.926,168.032,
168.002,168.032,168.115,167.964,168.077,
168.033,168.077,168.11,167.991,168.249,
168.078,168.249,168.316,167.998,168.476,
168.301,168.476,168.488,168.206,168.473,
168.468,168.473,168.672,168.443,168.598,
168.472,168.598,168.629,168.396,168.551,
168.599,168.551,168.625,168.53,168.549,
168.545,168.549,168.585,168.483,168.65,
168.547,168.65,168.669,168.531,168.64,
168.651,168.64,168.666,168.543,168.824,
168.64,168.824,168.849,168.588,168.774,
168.825,168.774,168.909,168.761,168.839,
168.772,168.839,168.991,168.758,168.719,
168.834,168.719,168.873,168.713,168.741,
168.713,168.741,168.782,168.696,168.74,
168.739,168.74,168.765,168.632,168.694,
168.741,168.694,168.789,168.656,168.741,
168.698,168.741,168.77,168.63,168.8,
168.742,168.8,168.922,168.725,168.897,
168.869,168.897,168.995,168.836,168.849,
168.886,168.849,168.898,168.8,168.68,
168.845,168.68,168.981,168.624,168.705,
168.685,168.705,168.736,168.58,168.526,
168.704,168.526,168.795,168.519,168.216,
168.504,168.216,168.782,168.19,168.521,
168.222,168.521,168.572,168.135,168.567,
168.523,168.567,168.577,168.408,168.765,
168.566,168.765,168.792,168.483,168.606,
168.765,168.606,168.841,168.522,168.37,
168.607,168.37,168.642,168.181,168.394,
168.374,168.394,168.457,168.322,168.395,
168.391,168.395,168.631,168.377,168.253,
168.395,168.253,168.399,168.182,168.263,
168.247,168.263,168.349,168.244,168.25,
168.263,168.25,168.317,168.218,168.113,
168.252,168.113,168.265,168.044,168.223,
168.112,168.223,168.245,168.103,168.304,
168.219,168.304,168.318,168.195,168.312,
168.305,168.312,168.365,168.26,168.257,
168.313,168.257,168.321,168.239,168.204,
168.257,168.204,168.281,168.2,168.186,
168.213,168.186,168.344,168.156,168.019,
168.187,168.019,168.202,167.919,168.035,
168.017,168.035,168.054,167.992,168.188,
168.037,168.188,168.249,168.013,168.194,
168.19,168.194,168.282,168.17,168.224,
168.194,168.224,168.266,168.181,168.254,
168.225,168.254,168.269,168.201,168.232,
