10950.0,11055.0,10845.0,10945.0,10770.0,10845.0,10835.0,10770.0,10860.0,
10845.0,10945.0,10770.0,10845.0,10835.0,10770.0,10760.0,10860.0,10755.0,
10770.0,10845.0,10835.0,10770.0,10760.0,10860.0,10680.0,10755.0,10690.0,
10835.0,10770.0,10760.0,10860.0,10680.0,10755.0,10870.0,10690.0,10875.0,
10760.0,10860.0,10680.0,10755.0,10870.0,10690.0,10900.0,10875.0,11015.0,
10680.0,10755.0,10870.0,10690.0,10900.0,10875.0,11070.0,11015.0,11060.0,
10870.0,10690.0,10900.0,10875.0,11070.0,11015.0,11005.0,11060.0,11000.0,
10900.0,10875.0,11070.0,11015.0,11005.0,11060.0,11095.0,11000.0,11095.0,
11070.0,11015.0,11005.0,11060.0,11095.0,11000.0,11175.0,11095.0,11180.0,
11005.0,11060.0,11095.0,11000.0,11175.0,11095.0,11140.0,11180.0,11140.0,
11095.0,11000.0,11175.0,11095.0,11140.0,11180.0,11330.0,11140.0,11335.0,
11175.0,11095.0,11140.0,11180.0,11330.0,11140.0,11425.0,11335.0,11425.0,
11140.0,11180.0,11330.0,11140.0,11425.0,11335.0,11435.0,11425.0,11435.0,
11330.0,11140.0,11425.0,11335.0,11435.0,11425.0,11500.0,11435.0,11465.0,
11425.0,11335.0,11435.0,11425.0,11500.0,11435.0,11325.0,11465.0,11320.0,
11435.0,11425.0,11500.0,11435.0,11325.0,11465.0,11430.0,11320.0,11435.0,
11500.0,11435.0,11325.0,11465.0,11430.0,11320.0,11460.0,11435.0,11465.0,
11325.0,11465.0,11430.0,11320.0,11460.0,11435.0,11300.0,11465.0,11305.0,
11430.0,11320.0,11460.0,11435.0,11300.0,11465.0,11285.0,11305.0,11280.0,
11460.0,11435.0,11300.0,11465.0,11285.0,11305.0,11330.0,11280.0,11335.0,
11300.0,11465.0,11285.0,11305.0,11330.0,11280.0,11360.0,11335.0,11365.0,
11285.0,11305.0,11330.0,11280.0,11360.0,11335.0,11320.0,11365.0,11325.0,
11330.0,11280.0,11360.0,11335.0,11320.0,11365.0,11335.0,11325.0,11200.0,
11360.0,11335.0,11320.0,11365.0,11335.0,11325.0,11165.0,11200.0,11155.0,
11320.0,11365.0,11335.0,11325.0,11165.0,11200.0,11150.0,11155.0,11150.0,
11335.0,11325.0,11165.0,11200.0,11150.0,11155.0,11175.0,11150.0,11165.0,
11165.0,11200.0,11150.0,11155.0,11175.0,11150.0,11030.0,11165.0,11040.0,
11150.0,11155.0,11175.0,11150.0,11030.0,11165.0,10980.0,11040.0,10980.0,
11175.0,11150.0,11030.0,11165.0,10980.0,11040.0,11420.0,10980.0,11415.0,
11030.0,11165.0,10980.0,11040.0,11420.0,10980.0,11240.0,11415.0,11240.0,
10980.0,11040.0,11420.0,10980.0,11240.0,11415.0,11300.0,11240.0,11290.0,
11420.0,10980.0,11240.0,11415.0,11300.0,11240.0,11335.0,11290.0,11450.0,
11240.0,11415.0,11300.0,11240.0,11335.0,11290.0,11405.0,11450.0,11410.0,
11300.0,11240.0,11335.0,11290.0,11405.0,11450.0,11410.0,11410.0,11410.0,
11335.0,11290.0,11405.0,11450.0,11410.0,11410.0,11455.0,11410.0,11455.0,
11405.0,11450.0,11410.0,11410.0,11455.0,11410.0,11460.0,11455.0,11460.0,
11410.0,11410.0,11455.0,11410.0,11460.0,11455.0,11485.0,11460.0,11480.0,
11455.0,11410.0,11460.0,11455.0,11485.0,11460.0,11495.0,11480.0,11490.0,
11460.0,11455.0,11485.0,11460.0,11495.0,11480.0,11365.0,11490.0,11380.0,
11485.0,11460.0,11495.0,11480.0,11365.0,11490.0,11460.0,11380.0,11455.0,
11495.0,11480.0,11365.0,11490.0,11460.0,11380.0,11500.0,11455.0,11530.0,
11365.0,11490.0,11460.0,11380.0,11500.0,11455.0,11360.0,11530.0,11365.0,
11460.0,11380.0,11500.0,11455.0,11360.0,11530.0,11450.0,11365.0,11445.0,
11500.0,11455.0,11360.0,11530.0,11450.0,11365.0,11385.0,11445.0,11380.0,
11360.0,11530.0,11450.0,11365.0,11385.0,11445.0,11260.0,11380.0,11265.0,
11450.0,11365.0,11385.0,11445.0,11260.0,11380.0,11245.0,11265.0,11250.0,
11385.0,11445.0,11260.0,11380.0,11245.0,11265.0,11240.0,11250.0,11245.0,
11260.0,11380.0,11245.0,11265.0,11240.0,11250.0,11280.0,11245.0,11280.0,
11245.0,11265.0,11240.0,11250.0,11280.0,11245.0,11305.0,11280.0,11310.0,
11240.0,11250.0,11280.0,11245.0,11305.0,11280.0,11350.0,11310.0,11325.0,
11280.0,11245.0,11305.0,11280.0,11350.0,11310.0,11260.0,11325.0,11270.0,
11305.0,11280.0,11350.0,11310.0,11260.0,11325.0,11475.0,11270.0,11480.0,
11350.0,11310.0,11260.0,11325.0,11475.0,11270.0,11405.0,11480.0,11410.0,
11260.0,11325.0,11475.0,11270.0,11405.0,11480.0,11330.0,11410.0,11325.0,
11475.0,11270.0,11405.0,11480.0,11330.0,11410.0,11400.0,11325.0,11400.0,
11405.0,11480.0,11330.0,11410.0,11400.0,11325.0,11395.0,11400.0,11395.0,
11330.0,11410.0,11400.0,11325.0,11395.0,11400.0,11420.0,11395.0,11360.0,
11400.0,11325.0,11395.0,11400.0,11420.0,11395.0,11265.0,11360.0,11265.0,
11395.0,11400.0,11420.0,11395.0,11265.0,11360.0,11250.0,11265.0,11300.0,
11420.0,11395.0,11265.0,11360.0,11250.0,11265.0,11225.0,11300.0,11225.0,
11265.0,11360.0,11250.0,11265.0,11225.0,11300.0,11085.0,11225.0,11090.0,
11250.0,11265.0,11225.0,11300.0,11085.0,11225.0,11000.0,11090.0,11005.0,
11225.0,11300.0,11085.0,11225.0,11000.0,11090.0,11015.0,11005.0,11015.0,
11085.0,11225.0,11000.0,11090.0,11015.0,11005.0,10980.0,11015.0,10975.0,
11000.0,11090.0,11015.0,11005.0,10980.0,11015.0,10975.0,10975.0,10970.0,
11015.0,11005.0,10980.0,11015.0,10975.0,10975.0,10900.0,10970.0,10910.0,
10980.0,11015.0,10975.0,10975.0,10900.0,10970.0,10885.0,10910.0,10885.0,
10975.0,10975.0,10900.0,10970.0,10885.0,10910.0,10875.0,10885.0,10700.0,
10900.0,10970.0,10885.0,10910.0,10875.0,10885.0,10290.0,10700.0,10295.0,
10885.0,10910.0,10875.0,10885.0,10290.0,10700.0,10175.0,10295.0,10175.0,
10875.0,10885.0,10290.0,10700.0,10175.0,10295.0,10395.0,10175.0,10390.0,
10290.0,10700.0,10175.0,10295.0,10395.0,10175.0,10420.0,10390.0,10420.0,
10175.0,10295.0,10395.0,10175.0,10420.0,10390.0,10395.0,10420.0,10395.0,
10395.0,10175.0,10420.0,10390.0,10395.0,10420.0,10515.0,10395.0,10525.0,
10420.0,10390.0,10395.0,10420.0,10515.0,10395.0,10565.0,10525.0,10565.0,
10395.0,10420.0,10515.0,10395.0,10565.0,10525.0,10605.0,10565.0,10600.0,
10515.0,10395.0,10565.0,10525.0,10605.0,10565.0,10620.0,10600.0,10500.0,
10565.0,10525.0,10605.0,10565.0,10620.0,10600.0,10485.0,10500.0,10480.0,
10605.0,10565.0,10620.0,10600.0,10485.0,10500.0,10350.0,10480.0,10350.0,
10620.0,10600.0,10485.0,10500.0,10350.0,10480.0,10385.0,10350.0,10390.0,
10485.0,10500.0,10350.0,10480.0,10385.0,10350.0,10310.0,10390.0,10300.0,
10350.0,10480.0,10385.0,10350.0,10310.0,10390.0,10285.0,10300.0,10290.0,
10385.0,10350.0,10310.0,10390.0,10285.0,10300.0,10280.0,10290.0,10275.0,
10310.0,10390.0,10285.0,10300.0,10280.0,10290.0,10265.0,10275.0,10265.0,
10285.0,10300.0,10280.0,10290.0,10265.0,10275.0,10190.0,10265.0,10190.0,
10280.0,10290.0,10265.0,10275.0,10190.0,10265.0,10165.0,10190.0,10160.0,
10265.0,10275.0,10190.0,10265.0,10165.0,10190.0,10000.0,10160.0,10000.0,
10190.0,10265.0,10165.0,10190.0,10000.0,10160.0,10010.0,10000.0,10005.0,
10165.0,10190.0,10000.0,10160.0,10010.0,10000.0,9954.0,10005.0,9956.0,
10000.0,10160.0,10010.0,10000.0,9954.0,10005.0,10120.0,9956.0,10125.0,
10010.0,10000.0,9954.0,10005.0,10120.0,9956.0,10090.0,10125.0,10085.0,
9954.0,10005.0,10120.0,9956.0,10090.0,10125.0,10140.0,10085.0,10135.0,
10120.0,9956.0,10090.0,10125.0,10140.0,10085.0,10155.0,10135.0,10155.0,
10090.0,10125.0,10140.0,10085.0,10155.0,10135.0,10180.0,10155.0,10185.0,
10140.0,10085.0,10155.0,10135.0,10180.0,10155.0,10200.0,10185.0,10200.0,
10155.0,10135.0,10180.0,10155.0,10200.0,10185.0,10270.0,10200.0,10260.0,
10180.0,10155.0,10200.0,10185.0,10270.0,10200.0,10195.0,10260.0,10165.0,
10200.0,10185.0,10270.0,10200.0,10195.0,10260.0,10110.0,10165.0,10110.0,
10270.0,10200.0,10195.0,10260.0,10110.0,10165.0,10230.0,10110.0,10230.0,
10195.0,10260.0,10110.0,10165.0,10230.0,10110.0,10140.0,10230.0,10140.0,
10110.0,10165.0,10230.0,10110.0,10140.0,10230.0,10165.0,10140.0,10165.0,
10230.0,10110.0,10140.0,10230.0,10165.0,10140.0,10240.0,10165.0,10255.0,
10140.0,10230.0,10165.0,10140.0,10240.0,10165.0,10430.0,10255.0,10435.0,
10165.0,10140.0,10240.0,10165.0,10430.0,10255.0,10410.0,10435.0,10345.0,
10240.0,10165.0,10430.0,10255.0,10410.0,10435.0,10175.0,10345.0,10180.0,
10430.0,10255.0,10410.0,10435.0,10175.0,10345.0,10280.0,10180.0,10285.0,
10410.0,10435.0,10175.0,10345.0,10280.0,10180.0,10200.0,10285.0,10205.0,
10175.0,10345.0,10280.0,10180.0,10200.0,10285.0,10125.0,10205.0,10130.0,
10280.0,10180.0,10200.0,10285.0,10125.0,10205.0,10055.0,10130.0,10050.0,
10200.0,10285.0,10125.0,10205.0,10055.0,10130.0,10010.0,10050.0,10005.0,
10125.0,10205.0,10055.0,10130.0,10010.0,10050.0,10000.0,10005.0,10005.0,
10055.0,10130.0,10010.0,10050.0,10000.0,10005.0,10015.0,10005.0,10015.0,
10010.0,10050.0,10000.0,10005.0,10015.0,10005.0,10055.0,10015.0,10195.0,
10000.0,10005.0,10015.0,10005.0,10055.0,10015.0,10230.0,10195.0,10235.0,
10015.0,10005.0,10055.0,10015.0,10230.0,10195.0,10220.0,10235.0,10210.0,
10055.0,10015.0,10230.0,10195.0,10220.0,10235.0,10040.0,10210.0,10045.0,
10230.0,10195.0,10220.0,10235.0,10040.0,10210.0,10000.0,10045.0,10000.0,
10220.0,10235.0,10040.0,10210.0,10000.0,10045.0,10005.0,10000.0,10010.0,
10040.0,10210.0,10000.0,10045.0,10005.0,10000.0,9964.0,10010.0,9964.0,
10000.0,10045.0,10005.0,10000.0,9964.0,10010.0,10020.0,9964.0,10025.0,
10005.0,10000.0,9964.0,10010.0,10020.0,9964.0,10180.0,10025.0,10185.0,
9964.0,10010.0,10020.0,9964.0,10180.0,10025.0,10200.0,10185.0,10250.0,
10020.0,9964.0,10180.0,10025.0,10200.0,10185.0,10295.0,10250.0,10295.0,
10180.0,10025.0,10200.0,10185.0,10295.0,10250.0,10285.0,10295.0,10285.0,
10200.0,10185.0,10295.0,10250.0,10285.0,10295.0,10315.0,10285.0,10315.0,
10295.0,10250.0,10285.0,10295.0,10315.0,10285.0,10310.0,10315.0,10320.0,
10285.0,10295.0,10315.0,10285.0,10310.0,10315.0,10340.0,10320.0,10340.0,
10315.0,10285.0,10310.0,10315.0,10340.0,10320.0,10320.0,10340.0,10320.0,
10310.0,10315.0,10340.0,10320.0,10320.0,10340.0,10335.0,10320.0,10320.0,
10340.0,10320.0,10320.0,10340.0,10335.0,10320.0,10200.0,10320.0,10200.0,
10320.0,10340.0,10335.0,10320.0,10200.0,10320.0,10250.0,10200.0,9990.0,
10335.0,10320.0,10200.0,10320.0,10250.0,10200.0,9800.0,9990.0,9800.0,
10200.0,10320.0,10250.0,10200.0,9800.0,9990.0,9678.0,9800.0,9680.0,
10250.0,10200.0,9800.0,9990.0,9678.0,9800.0,9594.0,9680.0,9590.0,
9800.0,9990.0,9678.0,9800.0,9594.0,9680.0,9622.0,9590.0,9626.0,
9678.0,9800.0,9594.0,9680.0,9622.0,9590.0,9608.0,9626.0,9610.0,
9594.0,9680.0,9622.0,9590.0,9608.0,9626.0,9642.0,9610.0,9636.0,
9622.0,9590.0,9608.0,9626.0,9642.0,9610.0,9592.0,9636.0,9590.0,
9608.0,9626.0,9642.0,9610.0,9592.0,9636.0,9620.0,9590.0,9624.0,
9642.0,9610.0,9592.0,9636.0,9620.0,9590.0,9624.0,9624.0,9640.0,
9592.0,9636.0,9620.0,9590.0,9624.0,9624.0,9550.0,9640.0,9546.0,
9620.0,9590.0,9624.0,9624.0,9550.0,9640.0,9580.0,9546.0,9578.0,
9624.0,9624.0,9550.0,9640.0,9580.0,9546.0,9640.0,9578.0,9640.0,
9550.0,9640.0,9580.0,9546.0,9640.0,9578.0,9632.0,9640.0,9632.0,
9580.0,9546.0,9640.0,9578.0,9632.0,9640.0,9634.0,9632.0,9634.0,
9640.0,9578.0,9632.0,9640.0,9634.0,9632.0,9650.0,9634.0,9650.0,
9632.0,9640.0,9634.0,9632.0,9650.0,9634.0,9576.0,9650.0,9566.0,
9634.0,9632.0,9650.0,9634.0,9576.0,9650.0,9406.0,9566.0,9412.0,
9650.0,9634.0,9576.0,9650.0,9406.0,9566.0,9376.0,9412.0,9402.0,
9576.0,9650.0,9406.0,9566.0,9376.0,9412.0,9208.0,9402.0,9210.0,
9406.0,9566.0,9376.0,9412.0,9208.0,9402.0,9140.0,9210.0,9130.0,
9376.0,9412.0,9208.0,9402.0,9140.0,9210.0,9156.0,9130.0,9140.0,
9208.0,9402.0,9140.0,9210.0,9156.0,9130.0,9052.0,9140.0,9054.0,
9140.0,9210.0,9156.0,9130.0,9052.0,9140.0,9010.0,9054.0,9010.0,
9156.0,9130.0,9052.0,9140.0,9010.0,9054.0,9024.0,9010.0,9026.0,
9052.0,9140.0,9010.0,9054.0,9024.0,9010.0,8920.0,9026.0,8930.0,
9010.0,9054.0,9024.0,9010.0,8920.0,9026.0,8906.0,8930.0,8914.0,
9024.0,9010.0,8920.0,9026.0,8906.0,8930.0,8850.0,8914.0,8750.0,
8920.0,9026.0,8906.0,8930.0,8850.0,8914.0,8560.0,8750.0,8570.0,
8906.0,8930.0,8850.0,8914.0,8560.0,8750.0,8480.0,8570.0,8474.0,
8850.0,8914.0,8560.0,8750.0,8480.0,8570.0,8550.0,8474.0,8550.0,
8560.0,8750.0,8480.0,8570.0,8550.0,8474.0,8628.0,8550.0,8630.0,
8480.0,8570.0,8550.0,8474.0,8628.0,8550.0,8674.0,8630.0,8682.0,
8550.0,8474.0,8628.0,8550.0,8674.0,8630.0,8556.0,8682.0,8560.0,
8628.0,8550.0,8674.0,8630.0,8556.0,8682.0,8544.0,8560.0,8530.0,
8674.0,8630.0,8556.0,8682.0,8544.0,8560.0,8458.0,8530.0,8452.0,
8556.0,8682.0,8544.0,8560.0,8458.0,8530.0,8420.0,8452.0,8600.0,
8544.0,8560.0,8458.0,8530.0,8420.0,8452.0,8516.0,8600.0,8512.0,
8458.0,8530.0,8420.0,8452.0,8516.0,8600.0,8628.0,8512.0,8626.0,
8420.0,8452.0,8516.0,8600.0,8628.0,8512.0,8568.0,8626.0,8564.0,
8516.0,8600.0,8628.0,8512.0,8568.0,8626.0,8544.0,8564.0,8544.0,
8628.0,8512.0,8568.0,8626.0,8544.0,8564.0,8524.0,8544.0,8534.0,
8568.0,8626.0,8544.0,8564.0,8524.0,8544.0,8546.0,8534.0,8544.0,
8544.0,8564.0,8524.0,8544.0,8546.0,8534.0,8522.0,8544.0,8524.0,
8524.0,8544.0,8546.0,8534.0,8522.0,8544.0,8734.0,8524.0,8716.0,
8546.0,8534.0,8522.0,8544.0,8734.0,8524.0,8756.0,8716.0,8700.0,
8522.0,8544.0,8734.0,8524.0,8756.0,8716.0,8748.0,8700.0,8748.0,
8734.0,8524.0,8756.0,8716.0,8748.0,8700.0,8694.0,8748.0,8694.0,
8756.0,8716.0,8748.0,8700.0,8694.0,8748.0,8824.0,8694.0,8824.0,
8748.0,8700.0,8694.0,8748.0,8824.0,8694.0,8810.0,8824.0,8812.0,
8694.0,8748.0,8824.0,8694.0,8810.0,8824.0,8822.0,8812.0,8822.0,
8824.0,8694.0,8810.0,8824.0,8822.0,8812.0,8902.0,8822.0,8904.0,
8810.0,8824.0,8822.0,8812.0,8902.0,8822.0,8838.0,8904.0,8838.0,
8822.0,8812.0,8902.0,8822.0,8838.0,8904.0,8924.0,8838.0,8920.0,
8902.0,8822.0,8838.0,8904.0,8924.0,8838.0,8866.0,8920.0,8980.0,
8838.0,8904.0,8924.0,8838.0,8866.0,8920.0,9146.0,8980.0,9144.0,
8924.0,8838.0,8866.0,8920.0,9146.0,8980.0,8860.0,9144.0,8860.0,
8866.0,8920.0,9146.0,8980.0,8860.0,9144.0,8728.0,8860.0,8728.0,
9146.0,8980.0,8860.0,9144.0,8728.0,8860.0,8734.0,8728.0,8746.0,
8860.0,9144.0,8728.0,8860.0,8734.0,8728.0,8690.0,8746.0,8700.0,
8728.0,8860.0,8734.0,8728.0,8690.0,8746.0,8710.0,8700.0,8710.0,
8734.0,8728.0,8690.0,8746.0,8710.0,8700.0,8750.0,8710.0,8750.0,
8690.0,8746.0,8710.0,8700.0,8750.0,8710.0,8588.0,8750.0,8580.0,
8710.0,8700.0,8750.0,8710.0,8588.0,8750.0,8576.0,8580.0,8490.0,
8750.0,8710.0,8588.0,8750.0,8576.0,8580.0,8500.0,8490.0,8500.0,
8588.0,8750.0,8576.0,8580.0,8500.0,8490.0,8524.0,8500.0,8524.0,
8576.0,8580.0,8500.0,8490.0,8524.0,8500.0,8470.0,8524.0,8456.0,
8500.0,8490.0,8524.0,8500.0,8470.0,8524.0,8500.0,8456.0,8486.0,
8524.0,8500.0,8470.0,8524.0,8500.0,8456.0,8452.0,8486.0,8452.0,
8470.0,8524.0,8500.0,8456.0,8452.0,8486.0,8336.0,8452.0,8334.0,
8500.0,8456.0,8452.0,8486.0,8336.0,8452.0,8368.0,8334.0,8390.0,
8452.0,8486.0,8336.0,8452.0,8368.0,8334.0,8436.0,8390.0,8438.0,
8336.0,8452.0,8368.0,8334.0,8436.0,8390.0,8426.0,8438.0,8600.0,
8368.0,8334.0,8436.0,8390.0,8426.0,8438.0,8512.0,8600.0,8512.0,
8436.0,8390.0,8426.0,8438.0,8512.0,8600.0,8478.0,8512.0,8474.0,
8426.0,8438.0,8512.0,8600.0,8478.0,8512.0,8580.0,8474.0,8568.0,
8512.0,8600.0,8478.0,8512.0,8580.0,8474.0,8614.0,8568.0,8614.0,
8478.0,8512.0,8580.0,8474.0,8614.0,8568.0,8700.0,8614.0,8700.0,
8580.0,8474.0,8614.0,8568.0,8700.0,8614.0,8668.0,8700.0,8680.0,
8614.0,8568.0,8700.0,8614.0,8668.0,8700.0,8566.0,8680.0,8582.0,
8700.0,8614.0,8668.0,8700.0,8566.0,8680.0,8600.0,8582.0,8600.0,
8668.0,8700.0,8566.0,8680.0,8600.0,8582.0,8580.0,8600.0,8900.0,
8566.0,8680.0,8600.0,8582.0,8580.0,8600.0,9328.0,8900.0,9330.0,
8600.0,8582.0,8580.0,8600.0,9328.0,8900.0,9366.0,9330.0,9378.0,
8580.0,8600.0,9328.0,8900.0,9366.0,9330.0,9356.0,9378.0,9356.0,
9328.0,8900.0,9366.0,9330.0,9356.0,9378.0,9358.0,9356.0,9358.0,
9366.0,9330.0,9356.0,9378.0,9358.0,9356.0,9322.0,9358.0,9320.0,
9356.0,9378.0,9358.0,9356.0,9322.0,9358.0,9326.0,9320.0,9328.0,
9358.0,9356.0,9322.0,9358.0,9326.0,9320.0,9214.0,9328.0,9202.0,
9322.0,9358.0,9326.0,9320.0,9214.0,9328.0,9282.0,9202.0,9282.0,
9326.0,9320.0,9214.0,9328.0,9282.0,9202.0,9290.0,9282.0,9500.0,
9214.0,9328.0,9282.0,9202.0,9290.0,9282.0,9578.0,9500.0,9580.0,
9282.0,9202.0,9290.0,9282.0,9578.0,9500.0,9760.0,9580.0,9764.0,
9290.0,9282.0,9578.0,9500.0,9760.0,9580.0,9734.0,9764.0,9732.0,
9578.0,9500.0,9760.0,9580.0,9734.0,9764.0,9632.0,9732.0,9632.0,
9760.0,9580.0,9734.0,9764.0,9632.0,9732.0,9620.0,9632.0,9632.0,
9734.0,9764.0,9632.0,9732.0,9620.0,9632.0,9602.0,9632.0,9604.0,
9632.0,9732.0,9620.0,9632.0,9602.0,9632.0,9556.0,9604.0,9560.0,
9620.0,9632.0,9602.0,9632.0,9556.0,9604.0,9560.0,9560.0,9552.0,
9602.0,9632.0,9556.0,9604.0,9560.0,9560.0,9564.0,9552.0,9700.0,
9556.0,9604.0,9560.0,9560.0,9564.0,9552.0,9630.0,9700.0,9620.0,
9560.0,9560.0,9564.0,9552.0,9630.0,9700.0,9538.0,9620.0,9536.0,
9564.0,9552.0,9630.0,9700.0,9538.0,9620.0,9612.0,9536.0,9610.0,
9630.0,9700.0,9538.0,9620.0,9612.0,9536.0,9608.0,9610.0,9608.0,
9538.0,9620.0,9612.0,9536.0,9608.0,9610.0,9660.0,9608.0,9660.0,
9612.0,9536.0,9608.0,9610.0,9660.0,9608.0,9402.0,9660.0,9400.0,
9608.0,9610.0,9660.0,9608.0,9402.0,9660.0,9260.0,9400.0,9266.0,
9660.0,9608.0,9402.0,9660.0,9260.0,9400.0,9240.0,9266.0,9234.0,
9402.0,9660.0,9260.0,9400.0,9240.0,9266.0,9206.0,9234.0,9100.0,
9260.0,9400.0,9240.0,9266.0,9206.0,9234.0,9262.0,9100.0,9264.0,
9240.0,9266.0,9206.0,9234.0,9262.0,9100.0,9092.0,9264.0,9098.0,
9206.0,9234.0,9262.0,9100.0,9092.0,9264.0,9134.0,9098.0,9134.0,
9262.0,9100.0,9092.0,9264.0,9134.0,9098.0,9130.0,9134.0,9132.0,
9092.0,9264.0,9134.0,9098.0,9130.0,9134.0,9070.0,9132.0,9070.0,
9134.0,9098.0,9130.0,9134.0,9070.0,9132.0,9126.0,9070.0,9130.0,
9130.0,9134.0,9070.0,9132.0,9126.0,9070.0,9040.0,9130.0,9058.0,
9070.0,9132.0,9126.0,9070.0,9040.0,9130.0,9002.0,9058.0,9008.0,
9126.0,9070.0,9040.0,9130.0,9002.0,9058.0,8960.0,9008.0,9050.0,
9040.0,9130.0,9002.0,9058.0,8960.0,9008.0,9106.0,9050.0,9108.0,
9002.0,9058.0,8960.0,9008.0,9106.0,9050.0,9140.0,9108.0,9130.0,
8960.0,9008.0,9106.0,9050.0,9140.0,9108.0,9140.0,9130.0,9132.0,
9106.0,9050.0,9140.0,9108.0,9140.0,9130.0,9158.0,9132.0,9160.0,
9140.0,9108.0,9140.0,9130.0,9158.0,9132.0,9126.0,9160.0,9130.0,
9140.0,9130.0,9158.0,9132.0,9126.0,9160.0,9172.0,9130.0,9170.0,
9158.0,9132.0,9126.0,9160.0,9172.0,9130.0,9164.0,9170.0,9156.0,
9126.0,9160.0,9172.0,9130.0,9164.0,9170.0,9132.0,9156.0,9156.0,
9172.0,9130.0,9164.0,9170.0,9132.0,9156.0,9104.0,9156.0,8950.0,
9164.0,9170.0,9132.0,9156.0,9104.0,9156.0,8830.0,8950.0,8830.0,
9132.0,9156.0,9104.0,9156.0,8830.0,8950.0,8860.0,8830.0,8856.0,
9104.0,9156.0,8830.0,8950.0,8860.0,8830.0,8842.0,8856.0,8844.0,
8830.0,8950.0,8860.0,8830.0,8842.0,8856.0,8816.0,8844.0,8818.0,
8860.0,8830.0,8842.0,8856.0,8816.0,8844.0,8788.0,8818.0,8790.0,
8842.0,8856.0,8816.0,8844.0,8788.0,8818.0,8752.0,8790.0,8750.0,
8816.0,8844.0,8788.0,8818.0,8752.0,8790.0,8756.0,8750.0,8774.0,
8788.0,8818.0,8752.0,8790.0,8756.0,8750.0,8908.0,8774.0,8906.0,
8752.0,8790.0,8756.0,8750.0,8908.0,8774.0,8892.0,8906.0,8860.0,
8756.0,8750.0,8908.0,8774.0,8892.0,8906.0,8902.0,8860.0,8902.0,
8908.0,8774.0,8892.0,8906.0,8902.0,8860.0,8974.0,8902.0,8966.0,
8892.0,8906.0,8902.0,8860.0,8974.0,8902.0,8926.0,8966.0,8928.0,
8902.0,8860.0,8974.0,8902.0,8926.0,8966.0,8932.0,8928.0,8932.0,
8974.0,8902.0,8926.0,8966.0,8932.0,8928.0,8902.0,8932.0,8902.0,
8926.0,8966.0,8932.0,8928.0,8902.0,8932.0,8854.0,8902.0,8856.0,
8932.0,8928.0,8902.0,8932.0,8854.0,8902.0,8932.0,8856.0,8932.0,
8902.0,8932.0,8854.0,8902.0,8932.0,8856.0,8996.0,8932.0,8982.0,
8854.0,8902.0,8932.0,8856.0,8996.0,8932.0,8980.0,8982.0,9050.0,
8932.0,8856.0,8996.0,8932.0,8980.0,8982.0,9040.0,9050.0,9036.0,
8996.0,8932.0,8980.0,8982.0,9040.0,9050.0,8972.0,9036.0,8970.0,
8980.0,8982.0,9040.0,9050.0,8972.0,9036.0,8916.0,8970.0,8912.0,
9040.0,9050.0,8972.0,9036.0,8916.0,8970.0,8818.0,8912.0,8820.0,
8972.0,9036.0,8916.0,8970.0,8818.0,8912.0,8838.0,8820.0,8846.0,
8916.0,8970.0,8818.0,8912.0,8838.0,8820.0,8810.0,8846.0,8812.0,
8818.0,8912.0,8838.0,8820.0,8810.0,8846.0,8720.0,8812.0,8730.0,
8838.0,8820.0,8810.0,8846.0,8720.0,8812.0,8690.0,8730.0,8694.0,
8810.0,8846.0,8720.0,8812.0,8690.0,8730.0,8684.0,8694.0,8700.0,
8720.0,8812.0,8690.0,8730.0,8684.0,8694.0,8820.0,8700.0,8818.0,
8690.0,8730.0,8684.0,8694.0,8820.0,8700.0,8854.0,8818.0,8854.0,
8684.0,8694.0,8820.0,8700.0,8854.0,8818.0,8874.0,8854.0,8866.0,
8820.0,8700.0,8854.0,8818.0,8874.0,8854.0,8916.0,8866.0,8924.0,
8854.0,8818.0,8874.0,8854.0,8916.0,8866.0,8992.0,8924.0,8974.0,
8874.0,8854.0,8916.0,8866.0,8992.0,8924.0,9038.0,8974.0,9038.0,
8916.0,8866.0,8992.0,8924.0,9038.0,8974.0,9008.0,9038.0,9008.0,
8992.0,8924.0,9038.0,8974.0,9008.0,9038.0,9066.0,9008.0,9070.0,
9038.0,8974.0,9008.0,9038.0,9066.0,9008.0,9008.0,9070.0,8850.0,
9008.0,9038.0,9066.0,9008.0,9008.0,9070.0,8880.0,8850.0,8880.0,
9066.0,9008.0,9008.0,9070.0,8880.0,8850.0,9050.0,8880.0,9052.0,
9008.0,9070.0,8880.0,8850.0,9050.0,8880.0,8936.0,9052.0,8936.0,
8880.0,8850.0,9050.0,8880.0,8936.0,9052.0,8950.0,8936.0,8950.0,
9050.0,8880.0,8936.0,9052.0,8950.0,8936.0,9024.0,8950.0,9024.0,
8936.0,9052.0,8950.0,8936.0,9024.0,8950.0,9080.0,9024.0,9082.0,
8950.0,8936.0,9024.0,8950.0,9080.0,9024.0,9008.0,9082.0,8990.0,
9024.0,8950.0,9080.0,9024.0,9008.0,9082.0,9054.0,8990.0,9052.0,
9080.0,9024.0,9008.0,9082.0,9054.0,8990.0,9048.0,9052.0,9000.0,
9008.0,9082.0,9054.0,8990.0,9048.0,9052.0,8780.0,9000.0,8772.0,
9054.0,8990.0,9048.0,9052.0,8780.0,9000.0,8800.0,8772.0,8798.0,
9048.0,9052.0,8780.0,9000.0,8800.0,8772.0,8760.0,8798.0,8760.0,
8780.0,9000.0,8800.0,8772.0,8760.0,8798.0,8684.0,8760.0,8682.0,
8800.0,8772.0,8760.0,8798.0,8684.0,8760.0,8674.0,8682.0,8674.0,
8760.0,8798.0,8684.0,8760.0,8674.0,8682.0,8636.0,8674.0,8636.0,
8684.0,8760.0,8674.0,8682.0,8636.0,8674.0,8590.0,8636.0,8602.0,
8674.0,8682.0,8636.0,8674.0,8590.0,8636.0,8512.0,8602.0,8510.0,
8636.0,8674.0,8590.0,8636.0,8512.0,8602.0,8500.0,8510.0,8312.0,
8590.0,8636.0,8512.0,8602.0,8500.0,8510.0,8330.0,8312.0,8330.0,
8512.0,8602.0,8500.0,8510.0,8330.0,8312.0,8266.0,8330.0,8266.0,
8500.0,8510.0,8330.0,8312.0,8266.0,8330.0,8336.0,8266.0,8336.0,
8330.0,8312.0,8266.0,8330.0,8336.0,8266.0,8422.0,8336.0,8422.0,
8266.0,8330.0,8336.0,8266.0,8422.0,8336.0,8240.0,8422.0,8250.0,
8336.0,8266.0,8422.0,8336.0,8240.0,8422.0,8326.0,8250.0,8318.0,
8422.0,8336.0,8240.0,8422.0,8326.0,8250.0,8332.0,8318.0,8328.0,
8240.0,8422.0,8326.0,8250.0,8332.0,8318.0,8568.0,8328.0,8562.0,
8326.0,8250.0,8332.0,8318.0,8568.0,8328.0,8442.0,8562.0,8500.0,
8332.0,8318.0,8568.0,8328.0,8442.0,8562.0,8626.0,8500.0,8620.0,
8568.0,8328.0,8442.0,8562.0,8626.0,8500.0,8624.0,8620.0,8626.0,
8442.0,8562.0,8626.0,8500.0,8624.0,8620.0,8584.0,8626.0,8584.0,
8626.0,8500.0,8624.0,8620.0,8584.0,8626.0,8612.0,8584.0,8612.0,
8624.0,8620.0,8584.0,8626.0,8612.0,8584.0,8654.0,8612.0,8658.0,
8584.0,8626.0,8612.0,8584.0,8654.0,8612.0,8592.0,8658.0,8596.0,
8612.0,8584.0,8654.0,8612.0,8592.0,8658.0,8510.0,8596.0,8534.0,
8654.0,8612.0,8592.0,8658.0,8510.0,8596.0,8478.0,8534.0,8474.0,
8592.0,8658.0,8510.0,8596.0,8478.0,8534.0,8516.0,8474.0,8250.0,
8510.0,8596.0,8478.0,8534.0,8516.0,8474.0,8176.0,8250.0,8174.0,
8478.0,8534.0,8516.0,8474.0,8176.0,8250.0,8118.0,8174.0,8112.0,
8516.0,8474.0,8176.0,8250.0,8118.0,8174.0,8112.0,8112.0,8114.0,
8176.0,8250.0,8118.0,8174.0,8112.0,8112.0,8204.0,8114.0,8206.0,
8118.0,8174.0,8112.0,8112.0,8204.0,8114.0,8144.0,8206.0,8146.0,
8112.0,8112.0,8204.0,8114.0,8144.0,8206.0,8340.0,8146.0,8338.0,
8204.0,8114.0,8144.0,8206.0,8340.0,8146.0,8364.0,8338.0,8360.0,
8144.0,8206.0,8340.0,8146.0,8364.0,8338.0,8380.0,8360.0,8380.0,
8340.0,8146.0,8364.0,8338.0,8380.0,8360.0,8420.0,8380.0,8464.0,
8364.0,8338.0,8380.0,8360.0,8420.0,8380.0,8388.0,8464.0,8388.0,
8380.0,8360.0,8420.0,8380.0,8388.0,8464.0,8478.0,8388.0,8478.0,
8420.0,8380.0,8388.0,8464.0,8478.0,8388.0,8642.0,8478.0,8642.0,
8388.0,8464.0,8478.0,8388.0,8642.0,8478.0,8718.0,8642.0,8718.0,
8478.0,8388.0,8642.0,8478.0,8718.0,8642.0,8754.0,8718.0,8758.0,
8642.0,8478.0,8718.0,8642.0,8754.0,8718.0,8516.0,8758.0,8518.0,
8718.0,8642.0,8754.0,8718.0,8516.0,8758.0,8460.0,8518.0,8456.0,
8754.0,8718.0,8516.0,8758.0,8460.0,8518.0,8390.0,8456.0,8394.0,
8516.0,8758.0,8460.0,8518.0,8390.0,8456.0,8434.0,8394.0,8634.0,
8460.0,8518.0,8390.0,8456.0,8434.0,8394.0,8700.0,8634.0,8692.0,
8390.0,8456.0,8434.0,8394.0,8700.0,8634.0,8630.0,8692.0,8628.0,
8434.0,8394.0,8700.0,8634.0,8630.0,8692.0,8716.0,8628.0,8720.0,
8700.0,8634.0,8630.0,8692.0,8716.0,8628.0,8728.0,8720.0,8728.0,
8630.0,8692.0,8716.0,8628.0,8728.0,8720.0,8636.0,8728.0,8634.0,
8716.0,8628.0,8728.0,8720.0,8636.0,8728.0,8704.0,8634.0,8706.0,
8728.0,8720.0,8636.0,8728.0,8704.0,8634.0,8650.0,8706.0,8682.0,
8636.0,8728.0,8704.0,8634.0,8650.0,8706.0,8740.0,8682.0,8742.0,
8704.0,8634.0,8650.0,8706.0,8740.0,8682.0,8760.0,8742.0,8660.0,
8650.0,8706.0,8740.0,8682.0,8760.0,8742.0,8654.0,8660.0,8652.0,
8740.0,8682.0,8760.0,8742.0,8654.0,8660.0,8770.0,8652.0,8768.0,
8760.0,8742.0,8654.0,8660.0,8770.0,8652.0,8788.0,8768.0,8788.0,
8654.0,8660.0,8770.0,8652.0,8788.0,8768.0,8764.0,8788.0,8756.0,
8770.0,8652.0,8788.0,8768.0,8764.0,8788.0,8754.0,8756.0,8754.0,
8788.0,8768.0,8764.0,8788.0,8754.0,8756.0,8790.0,8754.0,8780.0,
8764.0,8788.0,8754.0,8756.0,8790.0,8754.0,8924.0,8780.0,8940.0,
8754.0,8756.0,8790.0,8754.0,8924.0,8780.0,9216.0,8940.0,9212.0,
8790.0,8754.0,8924.0,8780.0,9216.0,8940.0,9290.0,9212.0,9626.0,
8924.0,8780.0,9216.0,8940.0,9290.0,9212.0,9700.0,9626.0,9692.0,
9216.0,8940.0,9290.0,9212.0,9700.0,9626.0,9522.0,9692.0,9520.0,
9290.0,9212.0,9700.0,9626.0,9522.0,9692.0,9504.0,9520.0,9516.0,
9700.0,9626.0,9522.0,9692.0,9504.0,9520.0,9578.0,9516.0,9570.0,
9522.0,9692.0,9504.0,9520.0,9578.0,9516.0,9484.0,9570.0,9482.0,
9504.0,9520.0,9578.0,9516.0,9484.0,9570.0,9424.0,9482.0,9420.0,
9578.0,9516.0,9484.0,9570.0,9424.0,9482.0,9508.0,9420.0,9512.0,
9484.0,9570.0,9424.0,9482.0,9508.0,9420.0,9652.0,9512.0,9656.0,
9424.0,9482.0,9508.0,9420.0,9652.0,9512.0,9700.0,9656.0,9700.0,
9508.0,9420.0,9652.0,9512.0,9700.0,9656.0,9550.0,9700.0,9550.0,
9652.0,9512.0,9700.0,9656.0,9550.0,9700.0,9430.0,9550.0,9430.0,
9700.0,9656.0,9550.0,9700.0,9430.0,9550.0,9396.0,9430.0,9398.0,
9550.0,9700.0,9430.0,9550.0,9396.0,9430.0,9382.0,9398.0,9370.0,
9430.0,9550.0,9396.0,9430.0,9382.0,9398.0,9392.0,9370.0,9400.0,
9396.0,9430.0,9382.0,9398.0,9392.0,9370.0,9468.0,9400.0,9474.0,
9382.0,9398.0,9392.0,9370.0,9468.0,9400.0,9462.0,9474.0,9466.0,
9392.0,9370.0,9468.0,9400.0,9462.0,9474.0,9354.0,9466.0,9354.0,
9468.0,9400.0,9462.0,9474.0,9354.0,9466.0,9356.0,9354.0,9600.0,
9462.0,9474.0,9354.0,9466.0,9356.0,9354.0,9506.0,9600.0,9504.0,
9354.0,9466.0,9356.0,9354.0,9506.0,9600.0,9368.0,9504.0,9368.0,
9356.0,9354.0,9506.0,9600.0,9368.0,9504.0,9328.0,9368.0,9328.0,
9506.0,9600.0,9368.0,9504.0,9328.0,9368.0,9250.0,9328.0,9248.0,
9368.0,9504.0,9328.0,9368.0,9250.0,9328.0,9240.0,9248.0,9242.0,
9328.0,9368.0,9250.0,9328.0,9240.0,9248.0,9300.0,9242.0,9302.0,
9250.0,9328.0,9240.0,9248.0,9300.0,9242.0,9314.0,9302.0,9292.0,
9240.0,9248.0,9300.0,9242.0,9314.0,9302.0,9192.0,9292.0,9184.0,
9300.0,9242.0,9314.0,9302.0,9192.0,9292.0,9220.0,9184.0,9136.0,
9314.0,9302.0,9192.0,9292.0,9220.0,9184.0,9094.0,9136.0,9094.0,
9192.0,9292.0,9220.0,9184.0,9094.0,9136.0,9156.0,9094.0,9162.0,
9220.0,9184.0,9094.0,9136.0,9156.0,9094.0,9226.0,9162.0,9226.0,
9094.0,9136.0,9156.0,9094.0,9226.0,9162.0,9144.0,9226.0,9150.0,
9156.0,9094.0,9226.0,9162.0,9144.0,9226.0,9162.0,9150.0,9162.0,
9226.0,9162.0,9144.0,9226.0,9162.0,9150.0,9070.0,9162.0,9072.0,
9144.0,9226.0,9162.0,9150.0,9070.0,9162.0,9112.0,9072.0,9076.0,
9162.0,9150.0,9070.0,9162.0,9112.0,9072.0,9082.0,9076.0,9086.0,
9070.0,9162.0,9112.0,9072.0,9082.0,9076.0,9098.0,9086.0,9066.0,
9112.0,9072.0,9082.0,9076.0,9098.0,9086.0,9106.0,9066.0,9110.0,
9082.0,9076.0,9098.0,9086.0,9106.0,9066.0,8960.0,9110.0,8970.0,
9098.0,9086.0,9106.0,9066.0,8960.0,9110.0,9040.0,8970.0,9040.0,
9106.0,9066.0,8960.0,9110.0,9040.0,8970.0,9000.0,9040.0,8992.0,
8960.0,9110.0,9040.0,8970.0,9000.0,9040.0,9032.0,8992.0,9034.0,
9040.0,8970.0,9000.0,9040.0,9032.0,8992.0,9040.0,9034.0,9040.0,
9000.0,9040.0,9032.0,8992.0,9040.0,9034.0,9052.0,9040.0,9056.0,
9032.0,8992.0,9040.0,9034.0,9052.0,9040.0,9038.0,9056.0,9038.0,
9040.0,9034.0,9052.0,9040.0,9038.0,9056.0,8988.0,9038.0,8900.0,
9052.0,9040.0,9038.0,9056.0,8988.0,9038.0,8854.0,8900.0,8854.0,
9038.0,9056.0,8988.0,9038.0,8854.0,8900.0,8800.0,8854.0,8798.0,
8988.0,9038.0,8854.0,8900.0,8800.0,8854.0,8750.0,8798.0,8742.0,
8854.0,8900.0,8800.0,8854.0,8750.0,8798.0,8770.0,8742.0,8778.0,
8800.0,8854.0,8750.0,8798.0,8770.0,8742.0,8932.0,8778.0,8932.0,
8750.0,8798.0,8770.0,8742.0,8932.0,8778.0,8954.0,8932.0,8952.0,
8770.0,8742.0,8932.0,8778.0,8954.0,8932.0,8900.0,8952.0,8906.0,
8932.0,8778.0,8954.0,8932.0,8900.0,8952.0,8884.0,8906.0,8884.0,
8954.0,8932.0,8900.0,8952.0,8884.0,8906.0,8908.0,8884.0,8978.0,
8900.0,8952.0,8884.0,8906.0,8908.0,8884.0,8914.0,8978.0,8888.0,
8884.0,8906.0,8908.0,8884.0,8914.0,8978.0,8918.0,8888.0,8918.0,
8908.0,8884.0,8914.0,8978.0,8918.0,8888.0,9002.0,8918.0,9002.0,
8914.0,8978.0,8918.0,8888.0,9002.0,8918.0,8850.0,9002.0,8850.0,
8918.0,8888.0,9002.0,8918.0,8850.0,9002.0,8824.0,8850.0,8822.0,
9002.0,8918.0,8850.0,9002.0,8824.0,8850.0,8826.0,8822.0,8824.0,
8850.0,9002.0,8824.0,8850.0,8826.0,8822.0,8760.0,8824.0,8770.0,
8824.0,8850.0,8826.0,8822.0,8760.0,8824.0,8714.0,8770.0,8716.0,
8826.0,8822.0,8760.0,8824.0,8714.0,8770.0,8754.0,8716.0,8700.0,
8760.0,8824.0,8714.0,8770.0,8754.0,8716.0,8794.0,8700.0,8794.0,
8714.0,8770.0,8754.0,8716.0,8794.0,8700.0,8888.0,8794.0,8882.0,
8754.0,8716.0,8794.0,8700.0,8888.0,8794.0,8880.0,8882.0,8874.0,
8794.0,8700.0,8888.0,8794.0,8880.0,8882.0,8794.0,8874.0,8802.0,
8888.0,8794.0,8880.0,8882.0,8794.0,8874.0,8866.0,8802.0,8866.0,
8880.0,8882.0,8794.0,8874.0,8866.0,8802.0,8610.0,8866.0,8608.0,
8794.0,8874.0,8866.0,8802.0,8610.0,8866.0,8650.0,8608.0,8670.0,
8866.0,8802.0,8610.0,8866.0,8650.0,8608.0,8746.0,8670.0,8762.0,
8610.0,8866.0,8650.0,8608.0,8746.0,8670.0,8790.0,8762.0,9120.0,
8650.0,8608.0,8746.0,8670.0,8790.0,8762.0,8944.0,9120.0,8954.0,
8746.0,8670.0,8790.0,8762.0,8944.0,9120.0,8938.0,8954.0,8936.0,
8790.0,8762.0,8944.0,9120.0,8938.0,8954.0,8942.0,8936.0,8942.0,
8944.0,9120.0,8938.0,8954.0,8942.0,8936.0,8946.0,8942.0,8946.0,
8938.0,8954.0,8942.0,8936.0,8946.0,8942.0,8860.0,8946.0,8856.0,
8942.0,8936.0,8946.0,8942.0,8860.0,8946.0,8942.0,8856.0,8954.0,
8946.0,8942.0,8860.0,8946.0,8942.0,8856.0,9036.0,8954.0,9014.0,
8860.0,8946.0,8942.0,8856.0,9036.0,8954.0,8868.0,9014.0,8870.0,
8942.0,8856.0,9036.0,8954.0,8868.0,9014.0,8852.0,8870.0,8950.0,
9036.0,8954.0,8868.0,9014.0,8852.0,8870.0,8860.0,8950.0,8862.0,
8868.0,9014.0,8852.0,8870.0,8860.0,8950.0,8822.0,8862.0,8828.0,
8852.0,8870.0,8860.0,8950.0,8822.0,8862.0,8786.0,8828.0,8776.0,
8860.0,8950.0,8822.0,8862.0,8786.0,8828.0,8720.0,8776.0,8714.0,
8822.0,8862.0,8786.0,8828.0,8720.0,8776.0,8720.0,8714.0,8718.0,
8786.0,8828.0,8720.0,8776.0,8720.0,8714.0,8922.0,8718.0,8922.0,
8720.0,8776.0,8720.0,8714.0,8922.0,8718.0,8980.0,8922.0,8978.0,
8720.0,8714.0,8922.0,8718.0,8980.0,8922.0,9060.0,8978.0,9066.0,
8922.0,8718.0,8980.0,8922.0,9060.0,8978.0,9022.0,9066.0,9110.0,
8980.0,8922.0,9060.0,8978.0,9022.0,9066.0,9146.0,9110.0,9146.0,
9060.0,8978.0,9022.0,9066.0,9146.0,9110.0,9074.0,9146.0,9074.0,
9022.0,9066.0,9146.0,9110.0,9074.0,9146.0,9026.0,9074.0,9028.0,
9146.0,9110.0,9074.0,9146.0,9026.0,9074.0,9052.0,9028.0,9052.0,
9074.0,9146.0,9026.0,9074.0,9052.0,9028.0,9136.0,9052.0,9136.0,
9026.0,9074.0,9052.0,9028.0,9136.0,9052.0,9196.0,9136.0,9200.0,
9052.0,9028.0,9136.0,9052.0,9196.0,9136.0,9176.0,9200.0,9180.0,
9136.0,9052.0,9196.0,9136.0,9176.0,9200.0,8960.0,9180.0,8970.0,
9196.0,9136.0,9176.0,9200.0,8960.0,9180.0,9020.0,8970.0,8900.0,
9176.0,9200.0,8960.0,9180.0,9020.0,8970.0,8832.0,8900.0,8832.0,
8960.0,9180.0,9020.0,8970.0,8832.0,8900.0,8806.0,8832.0,8806.0,
9020.0,8970.0,8832.0,8900.0,8806.0,8832.0,8808.0,8806.0,8808.0,
8832.0,8900.0,8806.0,8832.0,8808.0,8806.0,8812.0,8808.0,8812.0,
8806.0,8832.0,8808.0,8806.0,8812.0,8808.0,8862.0,8812.0,8860.0,
8808.0,8806.0,8812.0,8808.0,8862.0,8812.0,8830.0,8860.0,8828.0,
8812.0,8808.0,8862.0,8812.0,8830.0,8860.0,8878.0,8828.0,8878.0,
8862.0,8812.0,8830.0,8860.0,8878.0,8828.0,8892.0,8878.0,8892.0,
