0.05	0.55	-0.05	0
-0.85	0.5	-2.6	0
-1.15	0.0	-2.2	1
0.35	1.15	-0.65	0
-0.75	0.3	-0.8	1
2.2	2.2	0.0	0
-1.2	0.05	-2.0	1
0.35	0.9	-0.55	1
1.9	1.9	-0.25	0
-0.75	0.1	-0.75	0
-2.4	0.85	-2.9	1
0.05	0.4	-1.65	0
-0.7	0.05	-1.05	1
0.9	1.45	0.0	0
-0.35	0.5	-0.45	1
0.75	0.85	-0.5	1
2.3	2.55	-0.4	1
1.6	2.5	-0.65	0
-0.2	0.05	-0.4	1
1.25	1.85	-0.15	1
1.35	1.9	-0.05	0
-0.5	0.5	-0.65	1
0.7	0.8	-0.6	1
0.95	1.2	-0.1	0
-0.55	0.35	-0.55	1
0.15	0.7	-0.6	1
0.25	0.7	-0.65	0
-0.25	0.2	-0.25	0
-1.2	0.5	-1.6	1
1.0	1.0	-0.45	1
0.15	0.15	-0.45	1
0.7	0.95	-0.15	1
1.05	1.05	-0.25	0
-0.35	0.55	-0.5	0
-1.5	0.35	-1.95	0
-0.85	0.05	-1.05	1
0.65	0.65	-0.1	0
-0.7	1.25	-0.9	0
-0.75	0.15	-1.95	1
0.2	0.35	-0.8	1
0.5	0.95	-0.05	0
-0.2	0.35	-0.5	0
-0.55	0.0	-1.35	1
1.4	2.45	0.0	1
0.45	1.55	0.0	0
-1.1	0.0	-1.1	0
-0.8	0.75	-1.25	0
-1.6	0.25	-1.65	0
-0.45	0.4	-0.45	1
0.5	0.9	0.0	0
-0.1	0.4	-0.4	1
0.05	0.35	-0.25	0
-0.25	0.5	-0.3	1
1.65	1.75	-0.2	0
-0.15	0.1	-0.15	1
0.7	0.95	-1.0	0
-0.95	0.35	-2.4	1
0.1	0.4	-0.85	1
1.35	1.65	-0.25	1
0.35	0.65	-0.85	1
0.2	1.7	-0.15	1
0.95	1.0	-1.5	0
-0.8	0.2	-0.8	0
-0.45	0.05	-0.45	1
0.7	1.8	-0.9	1
1.6	2.0	-0.1	0
0.0	0.4	-0.4	1
1.6	1.6	-0.05	1
0.4	0.7	-1.0	1
1.15	2.05	0.0	0
-1.2	0.65	-1.2	1
1.1	1.75	0.0	1
0.25	0.35	0.0	0
-1.85	0.0	-1.85	1
1.75	2.2	-0.35	0
0.0	0.85	-0.6	0
-1.05	0.1	-1.3	0
-0.05	0.8	-0.25	1
0.2	1.0	-0.7	1
0.25	0.7	-0.25	0
-1.15	0.9	-1.25	1
0.05	0.65	0.0	1
1.35	2.2	0.0	1
0.2	0.25	-0.65	0
-0.95	0.05	-1.0	1
0.1	0.35	-0.2	0
-2.5	0.0	-2.55	1
0.25	0.85	0.0	1
0.85	1.0	-0.1	0
-0.2	0.2	-0.95	0
-0.25	0.05	-0.25	0
-0.9	0.5	-1.0	1
0.7	0.8	-0.9	0
-0.3	1.2	-0.65	0
-0.75	0.3	-0.85	0
0.0	0.05	-0.4	0
-0.3	0.8	-0.3	0
-2.05	0.35	-2.1	0
-2.75	0.7	-3.75	0
-0.8	0.05	-0.8	1
0.7	1.65	-1.0	0
-0.1	0.65	-0.2	1
1.7	1.7	0.0	0
-1.15	0.4	-1.95	1
1.7	1.8	-0.15	1
0.5	1.2	-0.2	1
0.15	0.4	-1.0	0
-2.0	0.6	-2.0	1
1.2	1.2	-0.1	0
-2.75	0.05	-2.85	0
-2.05	0.3	-2.2	0
-1.6	0.6	-2.6	0
-0.25	1.05	-0.35	1
0.5	1.15	0.0	1
0.4	0.95	-0.1	0
-1.1	0.6	-1.15	1
1.65	1.65	-0.05	0
-0.65	0.0	-0.7	1
0.95	2.25	0.0	1
0.6	1.15	-0.1	1
0.7	1.15	-0.6	0
-0.6	0.2	-0.6	1
1.4	1.4	0.0	0
-0.3	0.55	-0.75	1
0.8	0.8	-0.35	0
-0.35	0.6	-0.6	1
0.2	0.25	-0.05	0
-0.75	0.3	-1.15	1
0.5	0.8	-0.95	0
-0.8	0.05	-0.9	1
0.25	1.35	-0.05	0
-0.25	0.05	-0.55	1
0.25	0.25	-0.3	1
0.25	1.2	0.0	1
0.2	1.5	0.0	0
-1.3	0.0	-1.3	1
1.4	1.5	-0.3	0
-1.3	0.15	-1.3	1
0.35	0.7	0.0	0
-0.2	0.15	-0.85	0
-0.65	0.0	-0.7	1
0.6	0.7	0.0	0
-0.8	0.1	-1.45	1
0.9	1.6	-0.2	1
0.5	0.5	-0.7	1
1.3	1.45	0.0	1
0.65	0.65	-0.2	1
0.15	0.2	-0.3	0
-0.65	0.35	-0.75	1
0.3	0.65	-0.3	1
0.45	0.8	-0.05	1
1.15	1.3	-0.05	0
-1.5	0.15	-1.8	0
-0.2	0.2	-0.2	1
0.75	2.25	0.0	1
0.2	0.45	-0.75	0
-1.25	0.0	-1.25	0
-0.55	0.1	-0.85	0
-0.75	0.3	-1.25	0
-0.15	0.45	-0.2	1
1.0	1.45	-0.1	1
2.95	2.95	0.0	0
-0.25	0.2	-0.45	0
-0.45	0.55	-1.05	1
0.1	0.75	-0.55	1
0.8	0.85	-0.35	0
-0.4	0.0	-1.1	0
-0.2	0.0	-0.95	1
0.45	0.75	0.0	0
-1.15	0.3	-1.35	0
-2.4	0.0	-2.5	1
1.05	1.05	-0.15	0
-0.75	0.45	-1.45	0
-0.15	0.95	-0.6	0
-0.1	0.2	-1.05	0
-0.05	0.75	-0.65	0
-0.45	0.7	-0.45	0
-3.1	0.6	-3.7	1
0.05	0.55	-0.55	1
0.65	0.95	-0.35	0
-0.1	0.2	-0.25	1
0.1	1.8	0.0	0
-0.85	0.55	-1.05	0
-1.2	0.0	-1.55	0
-0.75	0.0	-1.75	0
-0.55	0.0	-1.3	0
-0.5	0.45	-0.5	0
-0.55	0.3	-1.65	1
3.15	3.8	0.0	1
0.15	0.2	-0.3	1
1.7	1.75	-1.25	1
0.3	1.85	0.0	1
0.8	1.7	0.0	0
-1.0	0.5	-1.15	0
-0.1	0.5	-0.75	1
1.3	1.95	0.0	1
1.05	1.05	-0.4	0
-0.2	1.15	-0.95	0
-0.05	0.2	-0.05	1
2.25	2.7	0.0	0
-0.05	1.0	-0.3	1
1.05	1.15	0.0	1
0.2	1.05	-0.25	0
-0.65	0.05	-1.2	0
-0.35	0.5	-0.85	0
-0.65	0.15	-1.55	0
-1.4	0.0	-2.1	0
-0.35	0.1	-0.35	1
2.1	2.35	0.0	0
-0.2	0.45	-0.9	1
0.75	1.0	-0.25	1
0.55	1.05	0.0	0
-0.1	0.45	-0.45	1
0.15	0.6	-0.35	0
-0.25	0.25	-0.9	0
-0.4	0.05	-1.7	1
0.05	0.5	0.0	1
0.05	2.1	-0.7	0
-0.55	0.5	-1.7	1
0.45	1.2	-0.45	1
0.1	0.8	-0.1	0
0.0	0.05	-1.15	1
0.35	1.35	-0.65	1
0.55	1.1	-0.2	1
0.7	1.4	-0.1	0
-0.05	0.2	-0.4	0
-3.05	0.0	-3.65	0
-0.15	1.0	-0.45	1
0.9	1.05	-0.55	1
0.05	0.4	-0.45	1
0.4	0.9	-0.05	1
0.55	0.6	-0.25	0
-0.1	0.7	-0.65	1
1.35	1.55	0.0	0
-0.1	0.2	-0.2	1
0.2	0.45	-1.1	0
-0.35	0.15	-0.85	1
0.65	1.15	-0.1	0
-0.25	0.3	-0.55	0
-0.75	0.05	-1.05	0
-0.25	0.25	-0.5	0
-0.35	0.65	-0.5	0
-0.2	0.5	-0.35	1
1.05	1.05	-0.15	1
1.95	2.15	-0.55	1
0.65	0.65	-0.8	1
0.6	0.65	0.0	0
-0.2	0.5	-0.55	1
1.55	1.75	-0.7	0
-0.75	0.9	-1.15	0
-0.1	0.2	-0.9	1
2.2	2.3	0.0	0
-0.1	0.1	-0.2	0
0.0	1.1	-0.8	1
0.7	1.85	0.0	0
-1.0	0.15	-1.15	0
-0.95	0.05	-1.1	0
-1.05	0.35	-1.15	0
-0.65	0.5	-0.8	1
0.55	1.1	0.0	0
-1.3	0.3	-1.45	1
0.1	0.35	0.0	1
0.25	1.25	-0.5	1
0.5	0.7	-0.25	0
-0.45	0.3	-0.8	0
-0.2	0.0	-0.5	0
-0.15	0.15	-0.85	1
0.05	0.45	-0.6	1
0.15	0.35	-0.4	0
-0.75	0.05	-1.05	0
-0.05	0.0	-0.05	0
-0.65	0.65	-2.65	1
0.65	1.35	-0.6	1
0.65	1.05	-0.25	1
0.95	1.45	-0.2	0
-0.45	0.3	-1.05	0
-1.6	1.2	-2.2	0
-2.6	0.7	-2.6	1
1.55	1.6	-1.0	0
-0.55	0.05	-0.55	1
2.55	3.15	0.0	0
-1.45	0.15	-1.6	0
-0.1	0.35	-0.65	0
0.0	0.7	-0.25	0
-0.75	0.1	-1.25	0
-0.45	0.7	-0.45	1
0.4	0.9	-0.45	0
0.0	1.0	-1.0	1
0.35	0.75	0.0	0
-1.2	0.05	-1.9	0
-0.1	0.15	-0.7	1
0.55	1.4	0.0	0
-0.75	0.15	-0.8	0
-0.1	0.3	-0.25	1
0.5	0.5	-0.2	0
-0.75	0.0	-0.75	0
-0.25	1.05	-0.65	0
-0.15	0.3	-0.4	1
0.35	1.05	-0.75	0
-1.2	0.2	-1.2	0
-0.3	0.2	-0.9	0
-0.3	0.35	-0.6	1
0.45	0.75	0.0	0
-0.2	0.1	-1.05	0
-0.6	0.0	-0.85	1
0.4	0.7	0.0	0
-0.15	0.25	-0.15	1
0.6	1.1	-0.15	0
-2.85	0.0	-3.0	0
-0.45	0.25	-0.8	0
-0.4	0.1	-0.95	1
0.25	0.35	-0.1	0
-1.85	0.05	-2.4	1
0.6	1.05	-0.3	0
-1.65	0.2	-1.65	0
-0.5	0.05	-0.5	1
0.5	1.1	0.0	0
-1.0	0.1	-1.35	1
0.05	0.75	-0.05	0
-0.1	0.4	-0.4	1
0.2	0.35	-0.5	0
-0.15	0.4	-0.65	1
1.35	1.35	0.0	1
1.55	2.55	-0.45	1
0.5	0.5	-0.45	0
-1.3	1.4	-2.3	1
0.3	0.5	-0.65	0
-0.05	0.55	-0.05	0
-0.9	0.05	-0.95	0
0.0	0.5	-0.2	1
1.3	1.3	-0.25	1
0.15	0.8	-0.7	1
0.65	1.1	0.0	1
0.7	0.7	-0.15	1
0.35	0.6	-0.6	0
-0.1	0.6	-0.1	0
-1.45	0.15	-1.45	1
0.25	0.65	-0.5	0
-0.4	0.05	-0.7	0
-0.8	0.2	-0.95	1
0.2	1.0	0.0	1
0.7	0.75	-0.3	0
-0.05	0.05	-0.2	0
-1.1	0.0	-1.15	0
-0.5	0.0	-1.05	1
0.35	0.75	0.0	0
-0.1	0.1	-0.35	1
0.5	0.65	0.0	0
-0.3	0.5	-0.4	0
-0.15	0.75	-0.15	1
0.2	0.35	-0.15	1
0.45	0.45	-0.7	0
-0.25	0.15	-1.7	0
-0.6	0.25	-0.85	1
0.3	0.3	-0.15	1
0.35	0.45	-0.3	0
-0.2	0.35	-0.6	1
0.2	0.45	-0.25	0
-0.35	0.25	-0.4	0
-2.0	0.0	-2.2	1
0.15	0.2	0.0	0
-0.75	0.1	-1.15	0
0.0	0.05	-0.6	1
2.85	3.1	0.0	0
-0.15	1.1	-0.4	0
-0.8	0.65	-1.15	0
-1.55	0.2	-1.7	1
0.3	1.0	-0.3	0
-2.5	0.1	-3.1	1
0.7	0.7	0.0	0
-4.55	0.5	-4.7	0
-3.85	0.05	-4.4	1
0.95	2.45	0.0	0
-1.0	0.25	-1.9	1
0.8	1.45	-0.15	1
0.35	0.55	-0.35	0
-1.0	0.65	-1.05	0
-0.8	0.05	-0.85	0
0.0	0.25	0.0	0
-2.45	0.0	-2.95	0
-1.6	0.1	-1.95	1
0.45	0.45	-1.8	0
-1.15	1.15	-1.2	1
0.05	0.25	-0.8	1
1.45	1.45	-0.15	1
2.5	2.6	-0.65	0
-1.85	0.15	-2.0	1
0.45	0.45	-0.25	0
-2.55	0.0	-3.45	1
0.05	0.5	-0.9	0
-0.2	0.05	-0.6	0
-0.75	0.0	-0.9	1
0.55	0.8	-0.1	0
-0.15	0.35	-0.3	1
1.05	1.3	-0.05	1
1.55	2.05	-0.15	0
-0.5	0.15	-0.5	0
-1.6	0.4	-1.6	1
2.0	2.05	-0.1	0
-0.05	0.8	-0.25	0
-0.35	0.1	-0.95	1
0.7	0.95	-0.05	1
0.15	1.25	0.0	0
-0.25	0.2	-0.8	1
1.15	1.65	0.0	1
0.95	1.2	0.0	0
-1.3	0.0	-2.4	1
0.35	1.4	-0.1	0
-0.3	0.65	-0.7	1
1.8	2.0	-0.8	0
-0.1	0.3	-0.6	0
-0.35	0.3	-0.45	1
0.7	1.0	-1.1	1
1.25	1.5	-0.1	1
0.05	0.1	0.0	0
-0.55	0.4	-0.9	0
-0.3	0.55	-0.7	1
0.3	0.45	-0.25	1
0.5	1.1	0.0	0
-0.55	0.25	-0.8	0
-0.15	0.3	-0.45	1
0.55	0.85	0.0	1
1.15	1.4	-0.2	1
0.1	0.1	-0.1	0
-1.05	0.15	-1.6	1
0.6	0.65	-0.4	0
-0.2	0.15	-0.5	0
-0.15	0.55	-0.25	1
0.1	0.15	-0.3	0
-0.2	0.8	-0.4	1
0.35	0.8	-0.1	0
-0.65	1.2	-0.8	0
-0.4	0.1	-0.4	1
0.3	0.7	-0.5	0
0.0	0.65	-0.25	1
0.25	0.25	-0.75	0
-0.5	0.15	-0.5	0
-0.15	0.0	-0.35	1
0.15	0.3	-1.35	0
-0.1	0.35	-0.6	1
2.25	2.85	-0.15	1
1.2	1.2	0.0	0
-1.05	0.35	-1.65	1
0.15	0.7	-0.4	1
1.4	2.25	0.0	0
-0.8	0.0	-1.15	1
0.1	0.6	-0.3	1
0.15	0.8	-0.15	0
-0.9	0.2	-1.25	0
-0.45	0.65	-0.85	1
0.65	0.65	0.0	0
-0.45	1.2	-0.6	0
-0.3	0.2	-0.75	1
0.7	1.1	-0.55	0
-1.25	0.0	-1.45	0
-0.5	0.1	-1.1	0
-0.95	0.0	-1.4	0
-0.65	0.05	-1.55	1
0.2	0.45	-0.5	1
0.75	0.75	0.0	0
-1.5	0.0	-1.7	1
0.05	0.4	-0.2	0
-0.05	0.4	-0.4	1
0.25	0.4	-0.5	1
0.7	0.7	-0.1	0
-2.55	0.0	-2.75	1
0.05	0.55	-0.85	1
0.55	0.65	-0.25	0
-0.3	0.25	-0.4	0
-1.05	0.75	-2.25	1
0.55	0.85	-0.15	1
1.25	1.55	-0.15	1
0.55	0.75	-0.2	0
-0.1	0.3	-1.2	0
-1.3	0.35	-1.55	0
0.0	0.45	-0.1	1
0.05	0.15	-0.1	1
0.05	0.05	-0.2	1
0.4	0.4	-1.15	1
1.2	1.6	-0.05	0
-1.1	0.0	-1.15	1
0.5	0.75	0.0	1
0.6	0.6	-0.25	0
-0.2	0.45	-0.4	0
-0.55	1.0	-1.35	1
0.4	0.75	-0.65	0
0.0	0.0	-0.2	1
0.25	0.25	-0.35	1
0.75	0.8	-0.5	0
-0.05	0.55	-0.35	1
1.4	1.4	-0.1	0
-0.1	0.35	-0.15	0
-0.2	0.1	-0.55	1
0.8	1.2	-0.25	1
0.3	0.55	-0.3	0
-0.15	0.4	-0.25	0
-2.3	0.0	-2.5	0
-0.15	0.3	-0.55	0
-1.35	0.25	-1.45	1
0.45	0.7	-0.75	1
0.7	1.0	-0.1	1
0.15	0.3	-0.45	0
-0.1	0.1	-0.7	0
-0.15	0.3	-0.8	0
-0.4	0.15	-0.7	0
-1.65	0.05	-2.05	0
-0.5	0.05	-1.0	1
0.6	0.65	-0.4	0
-0.05	0.85	-0.1	1
0.9	1.0	0.0	0
-0.35	0.3	-0.75	0
-0.75	0.8	-0.75	0
-1.0	0.3	-1.15	1
0.2	0.4	0.0	1
0.7	1.65	0.0	1
1.3	2.4	-0.15	0
-0.65	0.2	-1.05	1
0.45	0.6	-0.25	0
-0.55	0.3	-0.55	1
0.45	1.65	-0.05	0
-1.05	0.15	-1.45	1
1.05	1.75	-0.2	1
0.65	0.65	-0.05	1
0.9	1.45	-0.35	1
0.5	0.8	-0.5	1
0.85	1.15	0.0	1
0.35	0.8	-0.1	0
-0.2	0.6	-0.3	1
0.55	0.75	-0.15	1
0.2	1.2	-0.15	1
0.55	1.25	-0.3	0
-0.3	0.2	-0.3	0
-1.7	0.55	-1.8	1
0.85	0.95	0.0	0
-0.2	0.2	-0.75	1
0.2	0.65	-0.2	0
-0.8	0.3	-0.95	1
0.35	1.15	-0.1	0
-1.05	0.5	-1.5	0
-0.9	0.05	-1.35	1
0.55	0.65	0.0	0
-2.05	0.0	-2.3	1
0.95	1.15	-0.85	0
-0.2	0.65	-0.4	1
0.6	0.75	-0.7	0
-0.9	0.0	-1.35	0
-0.2	0.15	-1.25	1
0.25	1.05	-0.55	0
-0.9	0.0	-1.4	0
-0.55	0.0	-0.55	1
1.0	1.4	0.0	1
0.6	1.05	-0.15	1
0.2	0.85	-0.05	0
-0.3	0.7	-0.3	0
-0.6	0.0	-1.0	0
-0.7	0.0	-0.95	1
1.85	1.9	-0.05	1
0.9	1.65	-0.2	0
-0.5	0.05	-0.5	0
-0.05	0.65	-0.4	0
-2.25	0.1	-2.5	1
0.45	0.95	-0.2	0
-1.0	0.0	-1.05	0
-0.45	0.0	-0.9	1
0.65	1.0	-0.2	0
-2.1	0.2	-2.2	1
0.2	0.4	-0.7	1
0.5	0.5	-0.2	0
-0.95	0.1	-2.25	1
1.25	1.85	-0.8	0
0.0	0.45	-0.65	0
-0.55	0.0	-1.45	0
-0.8	0.2	-0.8	1
0.25	0.85	-0.35	0
-1.55	0.0	-1.7	0
-2.05	0.05	-2.25	0
-0.05	0.3	-0.2	0
-1.9	0.3	-4.95	0
-0.3	1.0	-0.9	0
-0.25	0.6	-0.9	1
0.9	2.0	-0.25	0
-0.55	0.3	-0.95	0
-2.05	0.05	-2.15	1
2.2	2.5	-0.55	0
-1.6	0.1	-2.2	0
-0.3	0.25	-0.3	1
1.75	2.45	0.0	1
1.9	2.0	-0.25	0
-1.3	0.1	-1.3	1
1.1	2.1	0.0	0
-0.8	0.0	-1.0	0
-0.1	0.95	-0.75	0
-2.45	0.15	-2.45	0
-2.2	0.6	-2.5	0
-1.75	0.0	-1.75	0
-0.25	1.15	-0.8	1
0.2	0.35	-1.1	1
0.2	1.5	0.0	1
1.05	1.25	-0.45	0
-0.2	0.05	-0.6	1
0.9	1.1	-0.4	1
0.75	0.9	-0.3	0
-0.55	0.1	-0.8	0
-0.35	0.0	-0.35	0
-0.95	0.0	-2.95	0
-1.2	1.35	-1.3	1
1.0	1.25	-0.15	0
-0.25	0.85	-1.4	0
-0.15	0.15	-0.55	1
0.45	0.9	-0.15	1
0.1	0.1	-0.65	0
-0.55	0.9	-0.9	1
0.35	0.35	-0.25	0
-0.9	0.65	-1.7	1
0.15	0.35	-0.5	0
-0.5	0.55	-0.85	1
1.0	1.05	0.0	0
-1.45	0.1	-1.45	1
0.2	0.25	-0.7	1
0.95	0.95	-0.7	0
-1.25	0.05	-1.5	0
-0.5	0.25	-0.5	0
-0.8	1.45	-1.25	0
-0.45	0.0	-0.8	1
0.4	0.45	-1.3	0
-1.3	0.05	-1.6	0
-1.85	0.0	-1.9	1
0.2	0.65	-0.5	0
-0.45	0.0	-0.85	1
2.35	2.35	-0.2	0
-1.1	0.05	-1.1	0
-0.2	1.7	-0.8	0
-0.1	0.8	-0.8	0
-0.55	0.15	-0.7	0
-0.65	0.1	-1.2	1
0.05	0.2	-0.5	1
0.35	1.45	-0.25	0
-0.4	0.2	-0.55	0
-0.65	0.05	-1.2	1
0.05	0.25	0.0	1
0.25	0.65	-1.5	0
-0.65	0.85	-0.8	0
-0.6	0.5	-1.15	1
1.15	1.25	0.0	0
-1.05	0.0	-1.45	1
0.2	0.7	0.0	0
-1.0	0.25	-1.0	1
0.55	0.75	-0.05	1
0.65	0.65	0.0	1
0.7	0.8	-1.8	1
0.95	1.6	0.0	1
0.3	0.6	-0.65	0
-1.55	0.3	-2.2	1
1.5	2.2	-0.15	1
0.75	0.9	-0.05	0
-1.3	0.05	-1.8	1
0.7	1.15	-0.2	1
0.55	0.55	-0.2	1
0.55	1.15	-0.2	0
-0.1	0.75	-0.5	0
-0.6	0.55	-0.6	1
0.25	0.55	-0.4	1
0.75	0.85	-0.2	0
-0.4	1.1	-0.5	1
1.3	1.55	0.0	0
-1.3	0.05	-1.3	0
-0.05	0.35	-0.05	0
-0.7	0.3	-2.15	0
-1.1	0.2	-1.55	1
0.95	2.25	-0.15	1
1.65	1.75	-0.3	0
-0.05	0.6	-0.5	1
5.0	5.2	0.0	0
-1.45	0.05	-2.15	0
-1.6	0.7	-1.8	0
-0.05	0.35	-0.05	0
-2.4	0.0	-2.5	1
1.7	1.75	-0.15	0
-0.5	0.0	-0.85	0
-0.4	0.1	-0.75	0
-0.7	0.0	-0.75	1
1.55	1.55	-0.2	0
-1.35	0.0	-1.35	1
1.7	1.9	-0.5	1
0.25	0.65	-0.05	0
-0.75	0.45	-1.25	0
-1.95	0.05	-2.5	0
-2.05	0.15	-2.5	1
0.75	0.95	-0.15	0
-0.15	0.25	-0.45	1
0.7	1.8	-0.2	0
-0.55	0.1	-1.2	0
-1.3	0.0	-1.4	0
-0.05	0.3	-0.05	1
0.6	1.95	0.0	1
0.6	0.85	-0.15	0
-0.2	0.3	-0.55	1
2.1	3.05	0.0	1
1.55	1.7	-0.05	1
0.25	1.3	-0.35	1
0.15	0.4	-1.05	0
-0.35	0.25	-0.75	0
-0.6	0.0	-0.6	0
-0.3	1.05	-1.35	0
-0.65	1.0	-0.75	0
-0.65	0.5	-0.75	1
0.35	0.55	-0.55	0
-0.75	0.0	-1.2	0
-0.25	0.2	-0.55	1
0.4	1.25	0.0	0
-0.35	0.9	-0.35	0
-1.0	0.0	-1.1	1
4.0	4.05	-0.25	1
0.05	1.9	-0.1	1
0.95	1.45	-0.25	1
0.05	0.7	-0.2	1
0.4	0.5	-0.95	1
0.15	0.55	-0.2	1
2.5	2.85	-0.05	1
0.75	0.8	-1.7	1
0.3	0.3	-0.1	1
2.7	2.8	-0.5	0
-0.7	0.85	-2.1	0
-1.25	0.0	-1.7	1
0.35	0.55	-0.1	0
-0.3	0.25	-0.7	1
0.6	1.3	-0.5	0
-0.05	0.7	-0.95	1
0.7	1.85	0.0	0
-0.3	0.25	-0.3	1
0.55	1.4	-0.8	1
0.7	2.2	-0.3	0
-1.6	0.4	-2.05	1
0.15	0.9	-0.45	0
0.0	0.95	-0.3	1
0.25	0.8	-0.45	0
-0.5	0.15	-0.85	0
-0.75	0.25	-0.95	1
0.85	0.85	-0.15	1
0.15	1.5	-0.4	1
1.4	1.6	-0.5	1
0.3	0.95	-0.05	0
-1.0	0.15	-1.2	0
-2.25	0.45	-2.3	1
1.15	1.55	0.0	1
1.0	1.1	-1.25	0
-1.05	0.0	-1.1	1
0.4	0.4	0.0	0
-2.55	0.95	-3.5	1
2.55	2.55	-0.25	0
-0.8	0.5	-1.75	1
0.4	0.5	-0.55	1
0.2	0.5	-1.6	0
-1.45	0.3	-1.45	1
1.05	1.4	-0.7	0
-0.8	0.2	-1.2	1
0.5	0.5	-0.25	1
1.1	1.95	-0.3	1
1.3	1.95	0.0	1
0.25	1.5	-0.15	0
-0.4	0.8	-0.55	0
-0.05	0.3	-1.1	0
-1.35	0.0	-1.8	0
-1.85	0.4	-2.15	0
-0.05	0.5	-0.3	0
-0.2	0.25	-0.2	0
-0.45	0.1	-1.45	0
-0.7	1.15	-0.8	0
-0.2	0.5	-0.35	0
-0.45	0.2	-0.95	0
-0.9	0.0	-1.05	1
0.9	1.9	-0.1	0
-2.55	0.1	-3.45	0
-1.65	0.05	-2.15	1
0.3	0.4	0.0	1
2.25	2.3	-0.9	0
-0.8	0.8	-1.0	1
0.05	0.5	-1.05	0
-0.7	0.6	-1.5	1
0.6	1.35	-0.65	0
-0.2	0.3	-0.55	1
0.15	0.6	-0.15	1
2.2	2.55	-0.3	1
0.55	0.8	0.0	1
0.45	0.9	-1.1	0
-0.65	0.8	-1.05	0
-1.4	0.0	-1.75	0
-1.15	0.1	-1.55	0
-0.5	0.0	-1.0	1
0.75	0.75	-1.35	0
-2.7	0.45	-2.9	0
-0.1	0.8	-0.5	0
-0.7	0.1	-0.7	1
1.05	1.45	-1.8	1
0.6	0.85	-1.1	0
-0.95	0.25	-2.25	0
0.0	0.5	-0.35	1
0.35	0.4	-0.3	1
0.25	1.3	0.0	1
0.75	1.2	-0.65	0
-1.15	0.85	-1.2	1
0.2	0.2	-0.1	0
-1.65	0.35	-2.15	0
-1.7	0.0	-1.9	0
-1.3	0.55	-1.45	0
-0.25	0.7	-0.65	1
0.45	0.45	-0.4	1
0.55	0.6	-0.45	0
-0.4	0.15	-0.65	1
0.75	0.8	-0.55	0
0.0	0.05	-0.3	0
-1.8	0.0	-2.15	1
1.5	2.3	-0.15	1
0.2	1.4	0.0	1
0.45	0.5	-0.1	1
0.25	0.25	-0.6	0
-0.6	0.1	-1.1	0
-1.25	0.1	-1.5	0
-0.35	0.6	-0.35	1
0.35	0.45	-0.05	0
-1.7	0.0	-2.2	0
-0.5	1.3	-0.5	0
-0.95	0.45	-1.15	1
0.6	1.65	0.0	1
0.1	0.45	-0.6	0
-0.85	0.1	-1.65	0
-0.15	0.95	-1.05	1
0.95	1.25	0.0	0
-0.05	0.15	-0.45	1
1.1	1.65	0.0	0
-0.1	0.1	-1.2	0
-1.65	0.05	-2.15	0
-0.15	0.55	-0.6	1
0.35	0.55	-0.25	0
-0.4	1.1	-0.55	1
0.1	0.35	-0.6	1
0.05	0.8	-0.3	0
-0.2	0.35	-0.2	0
-1.65	0.1	-1.7	1
1.35	1.8	-0.1	1
1.55	2.05	-0.45	1
1.0	1.3	-0.15	1
0.05	0.85	-0.55	0
-1.25	1.0	-1.25	0
-0.5	0.6	-0.95	0
-1.05	0.2	-1.4	0
-0.3	0.1	-0.3	0
-1.7	0.7	-2.55	1
0.05	0.3	-0.7	1
1.05	1.2	-0.25	1
0.35	1.15	-0.2	0
-1.15	0.15	-1.55	0
-0.1	0.7	-0.25	1
0.1	0.5	-0.4	0
-0.5	0.6	-0.6	1
0.45	0.45	0.0	1
2.95	3.05	-0.3	0
-0.45	0.1	-1.0	0
-0.45	0.1	-0.55	1
0.35	0.6	-0.7	0
-0.85	0.1	-1.0	0
-0.8	0.4	-0.95	0
-0.2	0.6	-0.25	0
-0.8	0.05	-1.5	1
0.65	0.65	-0.05	0
-1.75	0.05	-2.45	1
1.3	1.7	-0.35	1
0.75	0.9	0.0	1
1.2	1.3	-0.3	1
0.55	1.0	0.0	0
-1.45	0.25	-1.65	0
-0.15	0.65	-0.6	0
-3.35	0.0	-3.35	1
0.7	0.7	-0.05	0
-2.45	0.0	-3.25	1
0.1	0.1	-1.3	0
-0.05	0.7	-0.45	1
0.15	0.25	-0.55	1
0.15	0.65	-0.55	0
-0.5	0.1	-0.75	0
-0.75	0.0	-0.85	1
1.1	2.15	0.0	0
-0.05	0.6	-0.05	0
-0.3	0.75	-0.7	1
1.25	1.55	-0.35	0
-1.65	0.1	-1.7	0
-0.15	0.45	-0.65	0
-0.2	0.3	-0.3	1
0.6	1.15	-0.05	1
1.7	1.7	-0.25	1
0.95	1.3	-0.4	1
1.1	1.1	0.0	0
-0.3	0.65	-0.8	1
2.3	2.85	-0.05	0
-0.55	0.2	-1.8	0
-0.1	0.9	-0.55	0
-0.3	0.15	-0.9	0
-1.05	0.45	-1.4	0
-0.4	0.25	-1.4	0
-1.35	0.0	-2.6	0
-0.1	0.3	-0.15	0
-0.35	1.2	-0.5	0
-0.9	0.45	-1.05	0
-0.3	0.7	-0.4	0
-0.65	0.5	-0.65	0
-0.25	0.2	-0.8	0
-1.55	0.25	-2.15	1
2.05	3.05	0.0	1
0.55	1.05	-0.05	1
0.8	0.8	0.0	1
1.95	2.2	0.0	1
0.6	1.55	-0.05	1
1.75	1.85	-0.2	1
1.3	1.75	0.0	0
-0.2	0.25	-1.25	0
-1.3	0.25	-1.6	1
2.25	2.25	-0.05	0
-0.5	0.6	-0.65	0
-0.35	0.35	-0.35	0
-3.3	0.0	-4.15	0
-0.2	0.15	-1.3	0
-0.2	0.95	-0.8	0
-0.4	0.95	-0.45	0
-0.45	0.25	-0.55	0
-0.5	0.5	-0.6	0
-0.3	0.8	-0.65	0
-1.65	1.1	-1.7	0
-0.1	0.05	-0.7	0
-1.1	0.8	-2.1	1
0.25	1.75	-0.5	1
0.35	1.1	-0.35	1
0.8	1.05	0.0	1
0.6	0.85	-0.1	0
-2.05	0.05	-2.3	0
-0.1	0.2	-0.5	0
-0.4	0.6	-0.7	0
-0.1	0.05	-0.15	0
-3.35	2.3	-4.8	0
-1.15	0.95	-1.2	0
-2.3	0.0	-2.85	1
0.2	1.5	0.0	1
0.3	0.5	-0.2	1
1.5	2.05	0.0	0
-0.15	0.35	-0.55	1
2.75	3.2	-0.5	1
0.9	0.9	-0.1	0
-3.05	0.0	-3.45	1
0.55	1.1	0.0	0
-0.55	0.05	-0.85	1
0.35	0.4	-0.45	0
-0.15	0.25	-0.6	0
-0.9	0.15	-1.5	0
-2.0	0.0	-3.2	0
-0.8	0.5	-1.05	1
0.5	0.6	0.0	1
0.95	1.4	-0.45	0
-1.7	1.5	-2.45	0
-1.0	0.6	-1.7	0
-0.6	0.1	-1.5	0
-0.45	0.45	-0.95	1
1.05	1.3	-0.45	1
1.4	1.55	-0.35	0
-0.15	0.5	-0.7	0
-0.45	0.3	-0.45	0
-1.7	0.0	-2.4	1
0.25	0.6	-1.1	1
0.3	0.7	-0.15	1
1.35	1.55	-0.25	1
0.2	0.5	-0.75	1
0.25	0.85	-0.2	1
0.75	0.75	-0.45	1
1.25	1.55	-0.05	0
-0.35	0.0	-0.45	0
-2.15	0.0	-2.7	0
-1.2	0.3	-1.25	1
1.0	2.15	-0.1	1
0.15	0.95	-0.5	1
0.55	1.15	-0.05	1
0.6	0.95	-0.45	1
0.55	1.25	-0.45	1
0.15	0.85	-0.55	0
-0.3	0.0	-0.5	1
1.4	1.55	-0.1	0
-0.1	0.5	-0.4	0
-0.65	0.3	-1.3	0
-0.25	0.3	-0.6	0
-0.05	0.3	-0.4	1
0.15	0.25	-0.4	0
-2.15	0.0	-2.35	0
-0.1	0.55	-0.5	1
0.2	0.2	-0.1	0
-0.95	0.3	-1.15	0
-0.3	0.3	-0.55	0
-0.5	0.4	-0.7	0
-0.35	0.3	-0.85	1
0.2	0.65	-0.2	1
0.5	0.6	-0.8	0
-0.85	0.05	-0.85	0
-0.45	0.3	-0.5	1
0.55	0.55	-0.15	0
-0.5	0.85	-2.0	0
-0.65	1.15	-1.25	0
-0.3	0.85	-0.7	0
-0.25	0.25	-0.75	0
-0.15	0.2	-0.8	0
0.0	0.6	-0.6	0
-0.6	0.25	-0.65	0
-1.75	0.05	-2.35	0
-0.05	0.3	-0.05	0
-0.8	1.2	-2.95	1
2.65	3.05	-0.5	0
-0.95	0.25	-1.15	0
-0.1	0.5	-0.5	1
1.05	1.35	-0.15	1
0.15	0.8	-0.35	0
-0.15	0.65	-0.4	0
-1.9	0.1	-1.95	1
0.35	0.6	0.0	1
3.5	3.5	-0.05	1
0.1	0.6	-0.55	1
0.2	0.75	-0.6	1
0.25	0.6	-0.5	1
1.2	1.35	-0.4	0
0.0	1.45	-0.25	1
4.4	4.45	-0.2	0
-0.15	1.1	-0.85	1
0.2	0.2	0.0	0
-0.65	0.5	-1.2	1
2.3	2.6	-0.05	0
-1.9	0.0	-2.4	0
-0.55	0.1	-1.2	0
-0.4	1.0	-0.4	0
-0.2	0.1	-1.15	0
-0.25	0.85	-0.75	1
3.15	3.95	0.0	0
-0.2	0.1	-1.1	0
-0.3	0.0	-1.9	0
-1.0	0.05	-1.0	0
-0.45	0.2	-0.55	0
-0.35	0.1	-0.6	0
-1.3	0.1	-1.65	1
0.2	0.7	-0.15	1
2.45	2.55	-0.5	1
1.2	1.45	-0.7	1
0.3	0.4	0.0	0
-1.65	0.05	-2.05	0
-0.4	0.1	-0.7	0
-1.35	0.0	-1.5	1
0.5	0.65	0.0	1
0.85	1.05	0.0	1
0.45	1.15	0.0	0
-2.2	0.3	-2.35	0
-2.25	0.0	-2.25	0
-0.35	0.15	-0.35	0
-0.3	0.65	-1.5	1
1.65	2.15	-0.8	0
-0.8	0.1	-1.0	1
0.35	0.95	-0.05	0
-0.75	0.1	-0.8	1
0.4	0.75	-0.2	0
-0.65	0.0	-1.2	0
-0.05	0.3	-0.3	0
-0.55	0.0	-0.55	1
2.1	2.3	0.0	1
1.45	1.45	0.0	0
0.0	0.65	-0.35	0
-0.05	0.15	-0.15	0
-0.65	0.15	-0.95	1
0.75	0.95	0.0	1
0.5	0.5	-0.55	1
1.25	1.45	0.0	0
-0.35	0.05	-1.2	0
-0.65	1.0	-1.05	0
-0.5	0.0	-1.15	0
-0.2	0.5	-0.55	0
-0.2	0.2	-0.55	1
0.4	1.1	0.0	1
0.4	0.65	-0.2	0
-0.45	0.2	-0.8	0
-0.6	0.35	-1.3	1
0.15	0.15	-0.25	0
-1.9	0.0	-2.5	1
0.85	1.05	0.0	1
0.15	0.35	-0.4	0
-1.2	1.2	-1.2	0
-1.15	0.0	-1.35	0
-1.65	0.05	-2.4	1
0.4	0.85	-0.2	0
-0.05	0.85	-0.4	1
0.35	0.55	0.0	1
0.3	0.85	-0.7	1
0.65	1.05	-0.35	0
-0.1	0.3	-0.2	1
0.55	0.9	0.0	0
-1.45	0.2	-1.45	1
0.75	1.05	-0.15	0
-0.75	0.2	-0.75	1
0.4	0.5	-0.15	1
0.7	0.7	0.0	1
1.35	2.2	0.0	0
-1.05	0.35	-1.2	1
0.75	0.8	0.0	1
0.55	0.55	-0.6	1
0.3	0.4	-0.55	1
0.1	0.6	-0.1	0
-0.85	0.05	-1.15	1
0.55	1.15	-0.15	1
0.4	0.4	0.0	0
-0.7	0.05	-1.3	0
-0.85	0.25	-1.0	1
0.75	0.95	-0.65	1
0.5	0.7	-0.15	1
0.05	0.4	-0.1	1
0.7	1.55	-0.1	0
-0.1	0.2	-1.3	0
-0.05	0.2	-0.65	0
-0.35	0.0	-0.4	0
-1.85	0.0	-2.15	0
-2.75	0.15	-3.0	1
0.35	0.75	-0.05	0
-0.1	0.55	-0.15	0
-0.25	0.55	-0.25	1
0.1	0.3	-0.6	0
-0.35	0.75	-0.5	0
-2.3	0.0	-2.45	1
0.05	0.25	0.0	1
2.2	2.35	0.0	0
-0.15	0.25	-1.05	0
-0.35	0.05	-0.7	1
0.6	1.05	0.0	1
0.2	0.8	0.0	1
0.35	0.55	-0.15	1
0.1	0.35	-0.5	1
0.25	0.5	-0.7	1
0.1	0.1	0.0	1
0.4	1.45	-0.25	0
-0.8	0.35	-1.0	1
1.1	1.7	-0.05	0
0.0	0.7	-0.15	1
0.3	0.85	0.0	0
-0.45	0.05	-0.65	0
-0.9	0.1	-1.1	1
0.25	0.6	-0.7	0
-0.2	0.3	-0.2	0
-1.1	1.15	-1.25	0
-0.5	0.05	-1.4	1
0.75	1.05	-0.35	1
1.15	1.5	-0.25	0
-0.4	0.55	-0.5	0
-0.75	0.0	-1.15	1
0.05	1.3	-0.5	1
0.2	0.7	-0.3	1
0.1	0.1	0.0	0
-0.4	0.15	-0.5	1
0.1	0.65	0.0	0
0.0	0.15	-0.1	1
0.05	0.65	-0.05	1
0.05	0.25	-0.1	0
-1.45	0.0	-1.45	1
0.3	0.6	-0.75	1
0.05	1.25	-0.2	0
-0.2	0.15	-0.2	0
-0.75	0.45	-1.0	1
0.65	0.95	0.0	1
0.6	0.6	-0.2	0
-0.3	0.35	-0.4	0
-0.3	0.0	-0.45	0
-0.1	0.25	-0.1	0
-0.15	0.1	-0.7	1
1.35	1.65	-0.4	1
0.3	0.3	-0.05	1
0.15	1.3	0.0	1
0.05	0.2	-0.65	1
0.2	0.5	-0.15	0
-0.35	0.0	-0.35	0
-0.05	0.1	-0.4	0
-0.2	0.0	-0.6	1
0.75	1.05	0.0	1
0.3	0.5	0.0	0
-0.5	0.0	-0.5	0
-0.95	0.4	-1.3	1
0.1	0.3	-0.35	1
0.2	0.35	-0.1	0
-0.55	0.05	-0.55	1
0.45	0.55	-0.05	0
-0.3	0.35	-0.3	0
-0.4	0.2	-0.6	0
0.0	0.1	-0.7	1
0.9	0.9	-0.05	1
0.8	1.55	-0.3	1
1.9	2.0	0.0	0
-0.4	0.55	-0.4	0
-0.15	0.05	-0.55	0
-0.95	0.15	-0.95	1
0.15	0.45	-0.15	0
-0.55	0.35	-0.55	1
0.6	1.15	-0.1	1
0.45	0.45	-0.05	1
1.05	1.1	-0.3	1
0.7	0.85	-0.35	0
-0.25	0.6	-0.25	1
0.25	0.55	-0.1	0
-0.3	0.1	-0.3	1
0.65	0.85	-0.1	1
0.25	0.55	-0.3	1
0.2	0.35	-0.25	1
0.2	0.2	-0.15	0
-1.3	0.1	-1.4	0
-0.6	0.15	-0.9	0
-0.4	0.15	-0.65	1
0.95	0.95	-0.25	0
-0.3	0.2	-0.45	0
-0.45	0.25	-0.6	1
0.25	0.5	0.0	1
0.05	0.15	-0.3	1
0.15	0.15	0.0	1
1.25	1.55	-0.2	1
1.65	1.7	-0.5	1
0.55	0.85	-0.6	0
-1.7	0.1	-1.8	0
-0.45	0.45	-0.6	1
0.25	0.35	-0.1	0
-1.25	0.0	-1.3	0
-1.15	0.1	-1.2	1
0.85	0.85	0.0	0
-2.1	0.2	-2.2	0
-0.25	0.2	-0.4	1
0.2	0.2	-0.65	0
-0.55	0.25	-0.95	1
0.15	0.8	-0.15	1
0.85	1.0	-0.1	1
1.7	1.8	0.0	1
1.75	1.85	0.0	0
-0.5	0.0	-0.5	0
-0.4	0.0	-1.8	0
-0.45	0.45	-1.05	1
0.2	0.55	-0.2	0
-0.45	0.05	-0.55	1
0.25	0.55	-0.15	1
0.65	0.95	-0.05	1
1.4	1.65	-0.25	1
1.05	1.25	0.0	1
1.0	1.0	-0.05	0
-0.65	0.4	-0.8	1
0.4	1.05	-1.0	0
-0.85	0.15	-1.0	0
-0.35	0.25	-0.45	0
-0.1	0.45	-0.25	0
-0.55	0.8	-0.6	1
0.2	0.3	-0.3	0
-0.7	0.2	-1.0	1
0.05	0.1	0.0	0
-2.1	0.05	-2.45	1
2.25	2.5	-0.05	0
-1.1	0.0	-1.35	0
-0.35	0.3	-0.45	0
-0.15	0.1	-0.7	0
-0.7	0.0	-0.95	0
-1.3	0.05	-1.4	0
-0.3	0.15	-1.05	0
-0.45	0.2	-0.45	0
-0.05	0.15	-1.15	1
0.95	1.25	0.0	1
1.15	1.15	-0.2	1
0.05	0.5	-0.35	1
2.4	2.7	0.0	0
-0.8	1.15	-0.8	0
-0.9	0.3	-0.9	0
-0.65	0.15	-0.7	1
0.3	0.35	0.0	1
2.35	3.6	0.0	1
2.55	2.55	-0.05	0
-1.2	0.0	-1.75	1
1.7	1.75	0.0	0
-0.2	0.15	-0.5	1
1.15	1.15	-0.75	0
0.0	0.55	-0.45	1
1.9	2.35	-0.05	1
0.2	0.35	0.0	0
-2.15	0.65	-3.7	1
1.8	1.9	-0.9	0
-0.95	0.4	-1.0	0
-1.1	0.1	-1.35	1
0.05	0.5	-0.6	0
-0.3	0.65	-0.45	0
-0.55	0.1	-1.45	0
-1.3	0.1	-1.7	0
-0.2	0.4	-0.2	1
2.05	2.65	-0.2	0
-0.2	0.15	-1.05	0
-0.05	0.55	-0.6	0
-0.45	0.1	-0.65	0
-0.4	0.25	-0.4	0
-1.9	0.0	-2.45	1
1.05	1.05	-0.6	0
-0.6	0.25	-0.9	1
0.15	0.15	-0.25	1
0.75	1.75	-0.45	0
-1.15	0.0	-1.3	0
-0.3	0.75	-0.35	1
0.6	0.8	0.0	0
-0.65	0.25	-0.65	1
0.95	1.25	-0.2	1
0.6	0.85	-0.3	1
0.4	0.65	0.0	1
0.4	0.4	0.0	0
-1.55	0.0	-2.05	0
-3.3	0.0	-3.4	1
0.4	1.1	-0.1	1
0.05	0.25	-0.65	0
-0.65	0.5	-1.0	1
0.9	1.5	-0.2	0
-1.15	1.1	-2.1	1
0.7	0.85	-0.45	0
-0.5	0.05	-0.5	1
1.15	1.4	-0.85	1
2.5	2.5	-0.05	1
0.25	0.9	-1.0	0
-1.3	0.05	-1.55	1
0.2	0.25	-0.75	1
1.1	1.7	-0.1	1
1.35	1.85	0.0	0
-1.25	0.6	-1.8	0
-0.15	0.15	-0.25	0
-1.75	1.5	-2.05	1
0.7	0.8	-1.8	0
0.0	0.55	-0.75	0
-0.15	0.8	-0.15	0
-0.85	0.1	-1.2	0
0.0	1.15	-0.35	1
1.1	1.45	0.0	1
0.4	0.9	-0.45	0
-0.55	0.0	-0.55	0
-2.15	1.1	-2.25	1
0.5	0.75	0.0	0
-0.2	0.4	-0.6	0
-2.85	0.05	-2.9	1
0.3	0.9	-0.55	0
-0.7	0.0	-0.8	1
0.6	0.9	0.0	0
-0.6	0.3	-2.2	1
0.85	0.85	-0.05	1
1.35	2.6	0.0	0
-0.85	0.6	-1.65	0
-4.5	0.85	-4.55	1
1.3	1.95	-0.85	0
-0.45	0.4	-0.65	0
-0.55	0.45	-0.95	0
-1.3	0.0	-2.1	0
-0.15	0.05	-2.35	0
-0.35	0.0	-0.4	1
0.5	0.55	-1.7	1
0.7	0.75	-1.05	0
-0.4	0.6	-0.5	0
-0.15	0.5	-0.2	0
-0.1	0.35	-0.75	1
0.15	0.6	-0.4	0
0.0	0.3	-0.9	1
0.4	0.6	-2.1	1
0.05	0.3	0.0	1
2.2	2.4	0.0	1
1.65	1.8	-0.65	0
-0.1	0.05	-0.95	0
-1.05	0.25	-1.35	1
0.15	0.7	0.0	1
0.45	0.6	-0.1	0
-0.25	0.45	-0.45	0
-1.25	0.25	-1.6	1
0.4	0.4	0.0	1
3.65	4.0	-1.6	1
3.15	3.75	-1.05	0
0.0	1.35	-1.1	0
-2.9	0.0	-3.35	0
-0.55	0.1	-0.95	1
0.6	0.7	-0.5	1
1.05	2.35	0.0	0
-0.5	0.45	-0.95	1
0.2	0.2	-0.15	0
-2.0	0.0	-3.55	0
-0.25	0.6	-0.6	0
-1.85	0.05	-2.4	0
-0.15	0.8	-0.4	0
-0.75	0.35	-0.85	1
0.15	0.8	-0.45	1
0.15	1.7	-0.35	0
-1.75	0.1	-1.85	0
-0.1	0.1	-0.5	0
-3.7	1.4	-3.85	1
0.8	2.05	0.0	0
-1.4	0.1	-1.9	1
0.4	0.6	-0.7	1
0.2	0.35	-0.95	0
0.0	1.35	-0.15	0
-0.35	0.4	-0.75	1
1.15	1.35	-0.35	0
-0.45	0.1	-0.45	1
1.0	1.6	-0.25	0
-2.4	0.25	-2.4	1
1.3	1.4	-0.45	1
0.9	1.55	0.0	1
0.85	1.05	-0.55	1
0.5	1.25	-0.05	0
-0.15	0.25	-0.95	0
-0.45	0.2	-0.85	0
0.0	0.0	0.0	0
-0.85	0.35	-1.0	1
2.0	2.05	-0.2	1
2.15	2.15	-0.1	0
-0.25	0.15	-2.2	0
-0.25	0.15	-0.9	0
-1.2	0.0	-1.2	0
-0.3	0.7	-0.55	1
0.4	0.45	-0.5	0
-0.2	0.1	-0.2	1
0.55	0.7	-1.05	0
-1.75	0.0	-1.8	0
0.0	0.45	-0.9	1
0.2	0.75	-0.15	1
0.45	0.65	-0.2	0
-0.15	0.15	-0.35	0
-0.25	0.0	-0.7	1
0.15	0.4	-0.55	0
0.0	0.0	-0.25	0
-0.55	0.95	-1.05	0
-0.7	0.05	-0.95	0
-1.2	0.05	-1.3	0
-0.05	0.5	-0.65	1
0.1	0.35	-0.3	1
0.6	1.95	0.0	0
-0.75	0.3	-1.3	0
-0.25	1.0	-0.25	0
-0.6	0.0	-0.7	0
-1.0	1.2	-2.0	0
-0.95	0.75	-0.95	1
0.6	1.2	0.0	1
0.3	0.4	-0.5	1
1.6	2.25	-0.05	1
0.05	0.8	-0.05	1
0.3	0.5	-0.5	0
-1.3	0.7	-1.3	0
-1.05	0.05	-1.05	1
1.6	2.05	-0.4	1
1.05	1.5	-0.4	0
-0.6	0.6	-1.25	1
0.1	0.2	-0.65	0
-0.55	0.35	-0.55	0
-0.05	0.55	-0.1	1
0.4	1.45	-0.4	1
1.7	1.7	-1.4	0
-0.25	0.45	-0.25	1
1.45	1.5	-0.25	0
-0.35	0.85	-0.55	1
0.6	0.6	-0.15	1
0.95	0.95	0.0	0
-0.35	0.2	-1.0	1
1.0	1.1	-0.35	0
-0.65	0.15	-1.15	1
0.3	0.55	-0.75	0
0.0	0.35	0.0	1
0.6	1.55	-0.65	0
-1.1	0.4	-1.25	1
1.05	1.05	-0.4	1
0.7	2.0	-0.05	1
1.2	1.35	-0.1	0
-0.25	0.8	-0.65	1
0.15	0.25	-1.75	1
1.4	2.15	0.0	1
0.55	0.55	0.0	1
2.15	3.65	0.0	0
-0.35	1.25	-0.35	1
2.45	2.95	-0.05	1
0.5	0.9	-0.3	1
0.35	1.35	-0.1	1
0.7	1.25	0.0	0
-0.15	0.2	-0.15	0
-0.05	0.5	-0.9	1
0.6	0.6	0.0	0
-1.5	1.65	-2.1	0
0.0	0.95	-2.25	0
-0.5	0.25	-1.15	1
2.2	2.35	0.0	1
0.75	0.75	-1.05	0
-0.2	0.85	-0.4	0
-0.65	0.2	-1.05	1
1.35	1.5	0.0	0
-1.0	0.0	-1.0	1
4.3	4.3	0.0	1
0.3	1.05	-0.5	0
0.0	0.4	-0.7	0
-0.1	0.4	-0.55	0
-1.75	0.05	-1.85	1
1.15	1.15	0.0	0
-1.35	0.3	-1.35	1
0.15	0.6	-0.7	1
0.05	0.15	-0.2	1
0.35	0.7	-0.5	0
-0.65	0.65	-0.65	1
0.55	0.85	-0.65	0
-0.45	0.2	-0.95	0
-2.05	0.05	-2.45	0
-0.35	0.15	-1.1	0
-0.3	0.45	-0.75	1
0.3	0.8	-0.55	1
0.65	0.65	0.0	0
-1.3	0.6	-1.95	0
-0.05	0.75	-0.25	1
0.45	0.45	-0.45	0
-0.3	0.85	-0.35	0
0.0	0.45	-0.25	0
-1.15	0.15	-1.4	0
-0.1	0.3	-0.7	0
-0.4	0.0	-0.7	0
0.0	0.1	-0.05	1
3.1	3.65	0.0	0
-0.35	0.5	-1.25	0
-0.2	0.5	-0.6	1
0.4	0.75	-0.4	1
0.3	0.4	-0.65	0
-1.15	0.35	-1.55	1
0.6	0.95	0.0	0
-0.05	0.6	-0.35	0
-0.6	0.3	-0.6	1
0.55	1.0	-0.15	0
-0.75	0.55	-1.3	0
-1.1	0.1	-1.8	0
-2.25	0.1	-2.7	0
-0.05	0.7	-1.2	0
-1.75	0.1	-2.15	1
1.55	3.05	0.0	1
1.25	1.8	-0.15	1
0.3	0.3	-0.15	1
3.6	3.9	0.0	1
2.65	3.9	-0.9	1
0.85	1.1	-1.1	0
-0.75	0.1	-1.4	1
0.5	0.5	-0.3	1
0.55	0.6	0.0	1
0.95	1.2	-0.8	1
1.25	1.8	-0.1	1
0.2	0.35	0.0	0
-1.0	2.05	-1.9	0
-1.8	0.05	-2.55	0
-0.45	0.3	-2.3	1
0.45	1.15	-0.55	1
1.0	1.5	0.0	0
-0.9	0.75	-1.15	0
-0.35	0.15	-0.9	0
-3.85	0.0	-3.85	0
-0.55	0.0	-0.55	1
1.5	3.5	-2.15	0
-0.75	1.3	-0.85	1
1.85	2.5	-0.1	0
-2.05	0.0	-4.05	1
1.95	2.15	-0.35	1
0.3	0.85	-0.85	0
-1.25	0.25	-2.35	0
-0.7	1.25	-0.7	0
-1.0	0.0	-1.0	1
3.5	5.3	-0.85	0
-0.8	0.9	-1.85	1
1.95	2.75	0.0	1
0.95	1.6	-0.25	1
2.1	2.5	-0.05	1
0.6	0.95	-1.45	1
1.05	1.65	-0.3	0
-0.3	1.35	-2.25	0
-0.5	0.25	-0.5	1
5.4	6.1	0.0	1
2.9	5.3	-0.1	0
-1.95	1.8	-2.7	1
2.1	2.55	-0.25	1
0.25	0.9	-1.7	0
-1.55	0.75	-1.55	1
1.3	1.3	-0.6	1
1.55	1.95	0.0	0
-0.25	0.3	-0.25	1
0.75	4.95	0.0	0
-3.8	1.7	-4.05	0
-0.95	1.9	-2.35	1
0.55	1.5	-0.35	1
0.4	1.35	-1.0	1
2.75	2.75	-0.25	1
0.8	0.95	-1.35	0
-1.8	0.05	-2.4	1
0.45	0.45	-0.05	1
3.85	4.15	-0.95	1
1.8	2.4	-1.05	1
2.4	6.65	0.0	1
1.0	1.65	-1.25	0
-1.9	0.15	-2.7	1
0.3	1.75	-0.05	1
1.45	1.9	-0.5	1
0.85	1.35	-0.45	0
-0.3	0.0	-1.1	0
-1.7	2.95	-5.55	0
-0.25	2.3	-1.9	1
0.55	1.45	-0.25	1
0.7	1.25	-0.65	0
-1.4	0.3	-1.65	0
-0.65	0.0	-1.85	1
0.2	0.55	-0.45	0
-0.6	0.8	-1.1	0
-0.15	0.6	-0.15	0
-1.4	2.25	-2.3	0
-0.45	0.6	-3.1	1
1.2	1.85	-0.95	0
-2.0	0.2	-3.5	1
0.35	1.3	-0.75	1
1.55	3.45	-0.3	1
3.15	3.8	0.0	0
-1.1	0.85	-3.15	1
1.35	1.35	-0.25	1
4.85	8.45	-0.4	1
1.9	3.2	-0.8	1
4.35	4.8	-1.15	0
-2.9	1.25	-3.5	0
-4.65	1.3	-5.55	0
-3.1	0.8	-3.1	0
-1.25	0.0	-6.75	0
-4.5	0.2	-4.75	1
0.6	1.5	0.0	0
-4.6	0.45	-5.6	0
-2.0	0.6	-4.15	0
-0.85	0.65	-1.7	0
-0.55	1.1	-1.1	0
-0.8	1.25	-0.9	1
1.9	2.6	-1.25	0
-3.25	0.4	-3.5	1
1.45	2.25	-0.5	0
-0.15	0.05	-0.6	0
-6.7	0.45	-7.25	1
1.35	2.85	-0.45	1
0.4	0.9	-1.5	0
-1.1	1.1	-1.3	1
0.7	2.05	-0.35	0
-0.7	1.15	-1.05	1
1.35	1.65	-0.5	0
-1.45	0.2	-1.8	1
0.2	0.45	0.0	1
4.95	5.5	-1.25	0
-0.15	1.75	-0.65	1
1.75	1.8	-2.0	0
-1.5	0.75	-1.65	1
0.45	0.45	-1.3	1
2.45	2.85	-1.5	1
3.45	3.45	-0.55	0
-0.15	2.3	-1.15	0
-0.2	0.1	-0.45	0
-2.25	1.15	-2.65	0
-2.35	0.15	-2.8	1
1.35	3.35	-0.2	0
-1.65	1.3	-2.0	0
-1.25	0.1	-1.8	0
-0.35	1.45	-0.4	1
0.1	0.55	-0.8	1
0.6	1.15	-0.9	0
-0.45	0.8	-0.45	1
0.6	1.1	-2.9	0
-0.05	0.5	-2.45	0
-0.3	1.15	-0.3	0
-1.7	0.55	-1.9	0
-0.1	0.25	-0.9	0
-0.65	0.0	-1.15	0
-0.15	0.15	-1.5	0
-0.6	0.7	-0.8	1
0.05	0.25	-0.1	0
-3.9	1.45	-3.9	0
-0.3	0.2	-1.6	0
-0.5	0.5	-1.55	1
2.45	2.45	-0.15	0
-1.45	0.3	-1.45	1
1.05	2.35	-1.15	1
0.25	0.35	-1.2	1
1.2	1.75	-0.4	1
0.05	0.45	-0.2	1
0.85	1.4	-1.5	0
-0.2	2.0	-0.3	0
-0.1	0.85	-1.0	0
-0.9	0.55	-1.0	1
0.05	0.65	-0.25	1
0.45	0.6	-0.35	1
1.9	1.9	-0.35	0
-0.1	0.35	-0.45	1
0.95	0.95	-0.2	0
-0.8	1.65	-1.05	1
0.45	1.65	0.0	0
-0.2	0.35	-0.75	0
-0.5	0.45	-0.65	1
0.95	1.35	0.0	1
0.95	1.1	-0.4	0
-3.2	0.05	-3.95	1
5.15	5.4	-0.1	1
0.45	0.45	-0.35	0
-0.1	2.1	-0.75	0
-0.4	0.15	-1.85	1
0.4	1.3	-0.1	0
-1.15	0.05	-1.3	1
0.45	0.65	-0.65	0
-0.6	0.5	-0.8	0
-0.9	0.65	-1.0	0
-1.8	0.1	-3.2	0
-0.55	0.2	-0.55	1
4.6	5.05	-0.05	0
-0.65	0.55	-0.85	0
-0.85	0.0	-1.95	1
1.2	1.7	-0.2	0
-0.45	0.0	-1.25	1
0.35	1.35	-0.15	0
-1.1	0.3	-2.1	1
0.4	0.65	-1.1	1
0.15	0.4	-0.15	1
2.5	3.0	0.0	1
1.25	1.75	-0.5	1
0.3	0.3	-0.45	1
1.25	1.3	0.0	1
0.6	0.7	-0.45	0
-0.5	0.4	-0.95	1
0.75	1.0	-0.5	1
0.45	1.0	-0.4	0
-0.05	0.05	-0.1	1
1.25	2.25	-0.85	0
-2.9	0.1	-3.35	0
-0.25	0.7	-1.0	0
-1.3	0.25	-1.75	0
-0.05	0.7	-0.55	1
0.3	0.65	-0.4	1
1.1	2.0	-0.25	1
0.2	1.0	-0.65	1
0.35	0.35	0.0	0
-0.9	1.4	-3.2	0
-0.3	0.35	-1.3	0
-0.4	0.7	-1.0	1
1.75	2.05	-0.15	1
0.15	0.65	-0.25	0
-0.2	0.9	-0.2	0
-1.3	0.6	-2.0	1
2.9	3.05	0.0	0
-0.1	0.05	-0.45	0
-1.1	0.45	-1.65	0
-1.65	0.0	-2.55	1
0.5	0.9	0.0	0
-0.85	0.1	-1.05	0
-0.15	0.8	-0.8	0
-1.15	0.2	-1.15	0
-0.35	0.0	-1.25	1
0.5	0.75	-0.2	0
-0.15	0.1	-0.15	1
2.0	3.05	-0.75	1
0.35	1.1	-0.5	0
-1.9	0.1	-2.6	1
1.65	1.65	-0.55	1
0.4	1.2	-1.0	1
0.4	0.95	-0.75	1
0.15	0.3	-1.05	1
2.9	3.0	0.0	0
-0.4	0.05	-0.6	0
-1.5	0.05	-3.25	0
-0.1	1.1	-0.8	0
-1.2	0.0	-2.3	1
1.9	2.3	-0.05	1
0.5	1.1	-0.25	0
-3.9	0.0	-5.15	1
1.25	1.25	-1.0	0
-1.15	1.6	-1.5	0
-0.5	0.05	-0.55	1
0.35	1.35	-0.85	0
-2.05	0.2	-2.1	1
0.55	1.4	0.0	0
-0.45	0.2	-0.95	0
-0.55	0.0	-0.75	1
0.5	0.6	-0.55	1
0.35	1.8	-0.15	0
-0.45	1.7	-0.6	1
0.1	0.4	-0.4	0
-1.5	0.55	-2.0	0
-0.65	0.85	-1.15	0
-0.8	0.25	-2.35	0
-0.1	0.3	-0.45	1
0.3	1.0	0.0	0
-0.5	0.3	-0.95	1
1.1	1.5	-0.2	0
-0.55	0.45	-0.55	0
-0.35	0.1	-0.35	1
0.2	0.35	-1.5	1
1.8	1.8	0.0	1
0.7	0.7	-0.45	0
-0.5	1.1	-0.65	1
0.1	0.4	-0.05	0
-0.65	0.3	-0.65	0
-0.8	0.0	-1.55	1
1.25	1.65	-0.45	0
-0.2	0.0	-0.4	0
-1.25	0.35	-1.35	0
-0.35	0.65	-0.55	1
0.3	0.45	-0.45	0
-2.05	0.0	-2.05	0
0.0	0.35	-0.2	1
1.05	1.3	-0.1	1
0.8	1.0	-0.3	0
-0.35	0.25	-0.75	1
0.5	0.5	0.0	0
-0.85	0.75	-1.4	0
-0.05	0.85	-0.75	0
-0.15	1.1	-0.35	1
1.15	1.15	-0.15	1
0.2	1.0	-0.1	1
0.1	0.35	-0.8	0
-0.45	0.05	-0.9	0
-2.15	0.0	-2.5	1
0.4	0.4	-0.2	0
-3.35	0.1	-3.35	0
-1.65	0.0	-4.15	1
0.75	0.9	-0.1	1
1.35	1.7	-0.4	0
-1.35	0.05	-1.55	1
0.45	0.85	-0.2	1
0.35	0.75	-0.15	0
-0.55	0.05	-1.7	1
0.4	0.5	-0.1	0
-0.2	0.95	-1.55	0
-1.45	0.3	-2.45	0
-0.35	0.25	-0.7	0
-0.45	0.35	-0.45	1
0.1	0.4	-0.6	1
0.05	0.55	0.0	0
-0.95	0.1	-1.45	0
-1.65	0.0	-1.9	0
-0.15	0.15	-0.15	1
1.15	1.4	-0.3	0
-0.4	1.25	-0.4	0
-0.45	0.75	-0.85	1
0.35	1.15	-0.5	0
-0.1	0.65	-0.25	1
0.3	0.7	-0.35	0
-1.25	1.1	-1.3	0
-0.75	0.6	-0.8	1
1.35	1.35	0.0	0
-0.25	0.95	-1.85	1
1.8	2.15	-0.1	1
1.05	1.25	-0.65	0
-0.25	0.55	-0.45	0
-1.1	0.45	-1.1	1
1.0	1.25	-0.05	0
0.0	0.95	-0.6	1
1.05	1.7	-0.3	1
0.9	0.9	-0.05	0
-1.45	0.15	-2.15	1
0.8	0.9	0.0	1
1.25	1.3	0.0	0
-1.05	0.3	-1.3	0
-0.5	0.2	-0.5	0
-0.15	0.55	-0.6	0
-0.4	0.4	-0.4	0
-0.25	0.15	-0.85	1
0.35	0.35	0.0	1
0.1	0.9	-0.45	0
-0.7	0.8	-1.05	1
0.7	1.1	0.0	1
0.85	0.95	-0.45	0
-0.65	0.1	-0.65	0
-0.05	0.4	-0.5	1
0.7	1.05	-0.4	1
0.35	0.35	-0.7	0
-0.25	0.45	-0.4	1
0.15	1.15	-0.05	0
-1.45	0.05	-1.7	1
0.65	0.95	-1.1	0
-0.25	0.0	-0.7	1
0.05	0.65	-0.15	1
0.05	0.4	-0.4	0
-0.15	0.3	-0.35	1
0.15	0.4	-0.35	0
-0.1	0.05	-0.1	1
1.5	1.95	0.0	0
-2.05	0.15	-2.1	0
-0.15	0.75	-0.25	0
-0.1	0.5	-0.15	0
-0.65	0.0	-0.75	1
0.8	1.75	0.0	0
-0.7	0.2	-2.05	1
1.45	2.5	-0.15	1
0.85	0.85	-0.2	0
-3.8	0.0	-4.0	1
1.25	1.4	-0.6	0
-0.1	0.05	-1.15	0
-0.15	1.1	-0.2	0
-0.45	0.15	-0.95	0
-0.25	0.75	-1.1	0
-0.95	1.0	-1.0	0
-0.75	0.05	-1.3	0
-0.7	0.0	-0.7	0
-2.55	0.6	-3.05	1
0.3	1.55	-0.1	0
-0.4	0.45	-0.7	0
-1.15	0.05	-1.15	0
-2.1	0.2	-2.55	1
0.35	0.7	-1.0	1
0.4	1.3	-0.8	0
-1.45	0.0	-1.5	0
-0.4	0.35	-0.4	0
-3.55	0.0	-3.65	0
-0.4	0.9	-1.2	0
-0.05	0.5	-0.4	0
-1.5	0.0	-2.5	1
0.2	0.6	-0.2	1
0.15	0.45	-1.0	0
-2.9	0.1	-3.7	0
-1.2	0.3	-1.75	0
-0.45	0.4	-0.45	1
0.85	2.8	-1.75	0
-0.05	1.05	-0.2	0
-1.05	0.0	-3.0	0
-1.2	0.1	-1.85	1
1.65	1.9	-1.1	0
-1.6	0.2	-1.9	0
-1.15	0.05	-2.1	0
-0.5	0.75	-1.1	1
0.2	0.2	-0.15	0
-4.2	0.25	-5.85	0
-0.1	0.9	-0.45	0
-0.05	2.7	-0.05	1
2.35	2.4	0.0	1
0.65	1.45	-0.05	0
-1.4	0.9	-2.25	0
-0.55	0.1	-1.1	0
-1.8	0.55	-1.8	0
-1.2	0.0	-1.2	0
-0.45	1.25	-1.75	1
1.3	2.0	-0.1	0
-0.25	0.65	-0.35	1
0.4	0.45	-0.1	1
0.65	1.3	-0.25	1
0.6	1.4	-0.6	1
1.1	1.8	-0.2	0
-0.75	1.0	-1.2	1
1.2	1.2	-0.15	1
1.55	2.1	-0.9	0
-0.2	0.2	-1.8	0
-1.15	0.2	-1.85	0
-0.05	0.65	-0.45	0
-0.4	0.9	-0.4	0
-1.0	0.25	-1.25	0
-2.1	0.4	-2.1	0
-0.25	0.3	-0.8	1
1.15	1.15	-0.05	1
1.05	1.35	-0.35	0
-0.75	0.35	-0.75	1
0.2	0.6	-0.4	1
0.4	0.55	-0.45	0
-0.15	0.1	-0.45	1
0.9	1.65	0.0	1
0.3	0.5	-0.7	0
-0.8	0.0	-1.6	0
-0.2	0.3	-0.2	0
-1.7	0.4	-3.0	0
-1.0	0.5	-1.7	1
0.05	0.15	-0.25	1
0.45	0.55	-0.25	1
0.5	1.25	-0.1	1
0.9	1.0	-0.4	0
-1.5	0.1	-1.8	1
0.9	1.05	-0.35	0
-0.55	0.3	-0.55	0
-3.45	0.05	-5.9	1
1.45	1.55	-1.4	0
-0.65	1.5	-1.2	1
1.25	1.65	-0.35	1
0.5	1.15	-0.2	0
-0.35	0.65	-0.35	1
0.5	0.85	-0.15	1
0.6	0.95	-0.45	0
-0.1	0.15	-0.15	0
-2.2	0.6	-2.8	0
-1.8	0.75	-1.8	0
-0.15	0.55	-0.3	0
0.0	0.4	-0.65	0
-1.9	0.0	-2.1	0
-1.2	0.8	-1.4	0
-1.35	0.7	-1.35	0
-1.5	0.35	-1.5	0
-0.45	0.0	-0.85	0
-4.35	0.0	-4.9	1
0.65	1.75	-0.15	0
-0.4	0.25	-0.8	1
0.35	1.3	0.0	0
-1.65	0.1	-1.95	1
0.8	1.75	-1.0	0
-2.85	0.0	-2.85	1
2.3	2.9	-0.5	1
1.15	1.2	0.0	1
2.5	3.45	-0.05	0
-3.45	0.75	-4.05	0
-1.15	0.15	-1.65	0
-1.3	0.4	-1.55	1
0.7	1.55	0.0	0
-0.6	0.0	-1.45	1
0.3	1.7	-0.1	1
0.4	1.55	-0.35	0
-0.35	0.25	-0.35	0
-0.7	1.2	-1.1	0
-1.95	0.3	-3.15	0
-0.45	0.95	-0.6	0
0.0	0.2	-0.95	0
-1.0	0.05	-1.2	1
2.3	3.15	0.0	0
-0.25	1.8	-0.45	0
-2.2	0.0	-2.5	0
-0.65	0.0	-0.65	1
0.45	0.95	-0.65	1
1.75	2.25	-0.25	0
-0.55	0.0	-1.25	1
0.4	1.4	-0.2	1
2.15	2.7	0.0	0
-2.8	0.0	-3.2	1
1.2	1.2	-1.05	0
-0.1	1.35	-1.0	0
-0.2	0.05	-0.25	1
0.35	0.75	-1.1	0
-0.4	0.5	-0.6	0
-2.5	0.0	-4.25	1
0.05	0.65	-0.2	1
0.7	1.55	-0.05	1
0.95	1.4	-0.65	0
-1.3	0.45	-1.9	1
0.55	1.35	-1.1	1
0.8	0.8	0.0	1
0.65	1.05	-2.2	0
-0.75	0.6	-1.0	0
-1.05	0.15	-1.5	0
-0.2	0.15	-1.1	1
0.1	0.35	-1.2	1
0.15	0.4	-0.8	1
0.85	1.25	-0.1	1
0.35	0.95	-0.3	0
-0.35	0.35	-0.35	1
2.25	3.05	-0.8	1
1.2	1.6	-0.15	1
1.1	1.65	0.0	0
-1.25	0.0	-1.55	1
0.8	1.25	0.0	1
0.1	0.55	-0.6	0
0.0	0.4	-1.25	1
0.9	1.35	-0.7	0
-0.3	0.0	-0.3	1
0.35	0.55	-1.2	1
1.6	2.25	-0.15	1
0.15	0.3	-1.8	1
0.55	0.7	-0.15	1
1.3	1.6	0.0	0
-0.85	0.25	-0.85	0
0.0	1.05	-1.3	0
-0.6	0.15	-1.4	0
0.0	0.3	-0.25	0
-0.5	0.75	-1.45	1
1.0	1.9	0.0	0
-1.25	0.25	-1.6	0
-0.25	0.25	-0.45	1
1.0	1.05	-0.5	0
0.0	0.5	-0.65	0
-0.45	0.7	-0.45	1
1.5	2.05	-0.2	1
0.35	0.7	-0.2	0
-0.4	2.15	-0.4	1
2.0	2.15	-0.35	0
-0.6	0.45	-0.7	1
1.6	1.65	-0.15	1
1.5	1.55	-0.55	0
-0.25	0.15	-0.85	1
1.05	1.7	-0.5	1
1.15	1.35	-0.6	0
-0.5	0.0	-0.5	1
1.25	2.35	0.0	0
-0.75	0.4	-0.85	0
-0.7	0.05	-0.9	0
-0.85	0.2	-1.05	0
-0.8	0.35	-1.0	0
-0.15	0.5	-0.25	1
1.0	1.2	-1.35	0
-0.75	0.05	-1.6	1
0.15	0.55	0.0	1
0.35	1.55	-0.35	0
-0.7	0.45	-0.7	1
0.45	0.6	-0.1	0
-0.6	0.05	-1.75	1
0.15	0.3	-0.25	0
-0.2	0.45	-0.4	1
0.2	0.45	-0.2	1
0.3	0.4	-0.55	0
-0.3	0.0	-0.3	0
-0.15	0.5	-1.35	1
1.05	1.9	-0.05	1
0.25	0.7	-0.55	1
1.05	1.25	0.0	1
0.2	0.65	-0.2	0
-0.4	0.25	-0.85	0
-0.35	0.1	-1.1	0
-0.1	0.85	-1.15	0
-0.95	0.0	-0.95	0
-0.65	0.65	-0.7	0
0.0	0.65	-0.85	1
0.2	0.2	-0.9	1
0.8	1.2	-0.1	0
-0.6	0.0	-1.05	1
0.8	0.95	-0.25	1
0.9	1.25	-0.1	0
-0.75	0.05	-0.85	1
0.3	0.3	-0.05	1
3.0	3.1	-1.0	0
-0.25	0.5	-0.65	1
0.3	0.75	-0.15	1
0.5	1.35	-0.05	1
0.4	0.6	-0.2	0
-0.6	0.0	-0.95	1
1.2	1.6	-0.25	1
0.85	1.3	0.0	0
-0.3	0.0	-0.45	1
1.2	1.9	-0.5	0
-0.45	0.65	-0.45	0
-0.55	0.0	-1.65	0
-0.15	1.3	-0.5	0
-0.15	0.15	-0.35	1
0.2	0.7	-0.35	1
1.85	2.2	0.0	1
0.4	0.5	-0.2	0
0.0	0.35	0.0	0
-1.3	0.3	-2.65	1
0.65	1.0	-0.75	0
-0.25	0.05	-0.7	0
-1.1	0.25	-1.2	1
0.5	0.65	-0.2	1
0.5	0.85	0.0	1
0.8	1.35	0.0	1
0.7	0.95	-0.05	0
-0.2	0.0	-0.4	0
-1.35	1.1	-1.85	1
1.75	1.8	-0.35	1
0.2	0.65	-0.3	0
-1.65	0.15	-1.75	1
0.6	1.8	0.0	0
-1.3	0.0	-1.35	1
0.25	0.9	-0.7	0
-0.65	0.4	-1.1	1
0.3	0.7	-0.25	0
-2.3	0.0	-3.35	0
-1.9	0.1	-1.95	1
0.4	0.55	-0.5	0
-0.4	0.2	-0.65	1
1.4	1.65	0.0	1
0.85	0.95	-0.7	1
0.35	1.0	-1.0	0
-1.75	0.35	-2.15	0
-0.1	0.15	-0.25	1
2.5	2.5	0.0	0
-0.3	0.05	-0.45	1
0.5	0.95	-0.55	0
-0.1	0.45	-0.45	0
0.0	0.3	-0.2	1
0.8	0.9	-0.1	0
0.0	0.05	-1.05	1
0.8	0.8	-0.5	1
0.6	0.6	0.0	0
-1.1	0.3	-1.7	0
-0.25	0.45	-0.4	1
0.65	0.65	-0.05	0
-0.4	0.15	-0.4	0
-1.25	0.15	-1.25	0
-0.25	0.15	-0.6	0
-0.95	0.15	-1.05	0
-0.75	0.65	-0.75	1
0.95	1.1	-0.15	1
1.35	1.6	-1.5	1
0.85	1.45	-0.05	0
-0.65	0.6	-0.65	0
-0.1	0.75	-0.25	1
0.2	0.45	-0.35	0
-0.35	0.5	-0.4	1
0.35	0.6	-0.35	0
-0.2	0.2	-0.35	0
-0.45	0.0	-0.45	1
1.55	2.0	0.0	0
-0.2	0.4	-1.0	1
0.25	1.45	0.0	1
1.55	1.6	-0.05	1
0.05	0.5	-0.5	1
0.15	0.5	-0.25	0
-0.3	0.25	-0.65	1
2.3	2.3	0.0	0
-0.1	0.0	-0.2	0
-0.05	0.3	-1.3	0
-0.65	0.2	-0.9	1
0.1	0.4	-0.3	1
0.05	0.35	-0.55	0
-1.1	0.0	-1.2	0
-1.55	0.0	-1.85	1
0.3	1.0	-0.35	0
-0.05	0.65	-1.15	1
0.7	0.7	-0.1	0
-2.0	0.0	-2.45	1
1.9	1.9	-0.15	1
1.1	1.45	-0.15	1
0.4	1.2	-0.35	0
-0.15	0.4	-0.65	0
-0.95	0.35	-2.05	0
-0.8	0.45	-1.4	1
0.05	0.55	-0.5	0
-0.35	0.05	-0.35	0
-2.05	0.25	-2.85	1
1.25	2.15	0.0	0
-0.2	0.25	-0.75	0
-0.8	0.15	-0.8	1
0.5	0.9	-0.2	0
-0.9	0.5	-1.55	0
-1.2	0.15	-2.15	0
-1.1	0.1	-1.6	0
-0.75	0.0	-0.75	1
4.1	4.55	-0.4	0
-1.8	0.0	-3.1	0
-1.15	0.05	-1.5	0
-0.1	0.75	-0.6	0
-0.25	0.25	-0.95	0
-0.1	0.0	-1.3	1
1.25	2.0	-0.4	0
-0.3	0.8	-0.75	0
-0.15	0.0	-0.45	0
-0.7	0.55	-1.45	1
0.9	1.65	0.0	0
-1.55	0.0	-1.9	0
-0.8	0.25	-1.65	1
0.35	0.65	-0.25	1
0.55	0.9	-0.1	1
0.4	1.0	-0.2	0
-0.95	1.25	-1.05	1
0.7	0.7	-0.1	0
-1.4	0.9	-2.9	1
0.5	0.6	-1.0	0
-0.9	0.15	-1.1	0
-0.2	0.25	-0.65	1
0.25	0.35	-0.55	1
0.3	0.75	-0.55	1
1.3	1.45	-0.05	1
1.5	2.4	-0.4	0
0.0	0.25	-0.25	0
-0.95	1.3	-2.3	1
1.4	2.0	-0.4	1
0.5	0.9	-0.85	0
-2.1	1.05	-2.2	1
0.7	1.7	-0.15	1
0.1	0.75	-0.15	0
-0.1	0.45	-0.4	0
-1.85	0.75	-2.45	0
-0.55	0.0	-0.65	0
-4.0	0.0	-4.1	0
-1.55	0.0	-1.6	1
1.2	1.4	-0.05	0
-0.8	0.2	-1.25	1
0.4	1.05	-0.05	1
0.1	0.8	-0.55	0
-1.2	0.0	-1.2	0
-1.65	0.0	-1.95	0
-0.4	0.05	-0.4	1
3.3	3.6	0.0	1
2.3	2.35	-0.05	0
-1.05	0.15	-1.75	0
-0.3	0.4	-0.9	0
-0.75	0.05	-0.9	0
-0.45	0.1	-0.65	0
-0.05	0.15	-1.15	1
1.3	2.1	-0.25	1
0.05	0.25	-0.65	0
-4.2	0.0	-4.3	0
-0.85	0.1	-0.9	0
-0.05	0.8	-0.3	0
-0.2	0.1	-0.7	0
-0.25	0.3	-0.3	0
-1.0	0.0	-1.25	1
0.3	0.5	-0.05	0
0.0	0.2	-1.15	0
-0.9	0.05	-0.9	0
-4.2	0.25	-4.3	1
0.65	1.55	-0.25	1
0.55	0.7	-0.65	0
-0.8	0.15	-1.25	1
0.05	0.85	-0.2	0
-1.15	0.15	-1.35	0
-0.3	0.3	-0.9	0
-0.55	0.3	-1.5	1
0.4	0.4	-0.05	1
0.35	1.3	-1.0	1
0.8	1.05	-0.7	0
-0.2	0.0	-0.55	1
1.8	1.8	-0.05	0
-0.75	0.15	-1.4	0
-1.05	0.05	-1.35	0
0.0	0.15	-1.15	1
1.15	1.65	-0.4	1
0.2	0.25	-0.3	1
4.15	4.45	-0.05	0
-1.35	0.15	-1.35	1
0.1	0.7	-1.25	1
0.4	0.4	-0.45	0
-0.45	0.55	-0.75	0
-0.4	0.05	-0.85	0
-0.1	0.45	-0.45	1
1.5	2.1	-0.15	1
0.2	0.25	-0.2	1
1.85	3.15	0.0	1
1.05	2.1	-0.3	0
-0.65	0.2	-0.9	0
-0.55	0.4	-0.75	0
-0.9	0.0	-1.1	1
0.05	0.05	-0.85	1
1.15	1.15	-1.4	0
-1.0	0.2	-1.5	1
0.15	0.15	-0.45	1
3.5	3.85	0.0	0
-0.2	0.7	-0.7	1
0.85	0.9	-0.25	1
0.2	0.3	-0.65	1
0.7	1.0	0.0	1
0.55	1.05	-0.5	0
-1.2	0.45	-1.75	1
0.5	0.65	-0.65	0
-0.15	0.05	-0.15	0
-0.95	1.0	-1.35	1
0.55	1.3	-0.25	0
-0.65	0.45	-0.95	0
-0.2	0.6	-0.75	0
-0.2	0.65	-0.7	0
-1.25	0.1	-1.65	0
-0.7	0.3	-1.05	0
-0.55	0.1	-1.9	0
-0.05	0.1	-0.1	0
-0.5	0.85	-1.65	1
0.05	0.75	-0.35	0
-1.3	0.05	-1.55	0
-0.35	0.6	-0.6	0
-0.55	0.25	-0.65	0
-0.15	0.15	-0.95	1
1.25	1.5	0.0	0
-1.35	0.75	-1.8	1
0.4	0.45	0.0	1
0.2	1.75	-0.55	0
-1.45	0.25	-2.2	1
0.2	0.55	-1.6	1
0.95	1.2	0.0	1
1.2	1.45	-0.1	1
0.15	0.4	-0.25	1
0.3	0.65	-0.25	0
-0.5	0.1	-1.1	0
-0.05	0.05	-0.3	0
-2.4	0.0	-2.6	0
-1.55	0.05	-1.6	0
-2.95	0.05	-3.3	0
-2.2	0.05	-2.2	0
-1.85	0.55	-1.95	0
-0.75	0.0	-1.5	0
-1.4	0.0	-2.0	1
0.1	0.65	-0.85	0
-1.0	0.0	-1.0	1
0.05	1.35	-4.5	0
-1.75	0.25	-2.35	1
2.13	2.73	0.0	1
1.6	1.9	-0.2	0
-0.15	1.3	-0.2	0
-0.1	0.3	-1.4	0
-0.9	0.0	-1.4	0
-0.45	0.05	-1.55	0
-0.5	0.15	-0.5	1
0.4	1.95	-0.2	1
1.65	2.05	-0.25	1
3.55	3.6	-0.2	1
0.7	1.1	-0.95	0
-0.7	0.1	-1.6	1
1.75	2.1	-0.3	1
1.0	1.55	-0.15	0
-0.35	0.35	-1.9	1
0.6	0.6	-0.15	0
-2.8	0.15	-2.85	0
-0.25	0.25	-1.2	0
-0.25	0.2	-0.95	1
1.2	2.15	-0.4	1
0.7	1.3	-0.35	0
-1.55	0.3	-1.55	1
2.8	3.05	-0.4	1
1.0	1.5	-1.0	1
0.05	0.2	-0.1	1
0.85	1.4	-1.4	0
-0.35	0.4	-0.9	0
-0.4	0.8	-0.5	0
-0.95	0.05	-0.95	0
-0.35	0.35	-0.5	0
-0.25	0.45	-0.4	0
-0.45	0.0	-0.9	1
1.7	1.75	-0.45	0
-0.2	0.2	-0.2	0
-3.45	0.0	-4.1	1
1.8	1.85	-0.45	1
0.5	0.5	-0.75	1
0.35	0.6	-0.2	1
0.65	1.0	-0.35	0
-0.55	0.05	-1.3	0
-0.9	0.0	-1.05	0
-0.65	0.15	-1.6	1
0.05	0.15	-0.2	0
-0.5	1.05	-0.5	1
0.25	0.9	-1.3	1
0.75	1.55	0.0	0
-0.3	0.25	-0.55	0
-0.7	0.05	-1.1	0
-0.9	1.6	-0.9	0
-0.1	0.75	-0.8	0
-1.15	0.0	-1.7	1
0.65	0.65	-0.05	1
1.8	1.8	-0.65	0
-1.65	0.75	-2.2	1
0.2	0.55	-0.45	0
-0.45	0.15	-0.45	0
-0.5	0.0	-1.0	0
-1.02	0.0	-1.2	0
-1.14	0.18	-1.14	0
-0.64	0.0	-1.36	1
0.34	0.34	-0.12	0
-0.3	0.82	-1.1	1
0.06	0.82	-0.4	1
0.4	0.88	0.0	0
-0.12	0.0	-0.94	1
0.78	0.98	0.0	0
-0.08	0.26	-0.5	0
-0.58	0.78	-0.76	1
0.38	0.74	-0.88	0
-0.16	0.02	-0.16	1
1.2	1.6	-0.35	1
0.55	0.75	-0.4	1
0.1	0.7	-0.45	0
-0.9	0.25	-1.15	0
-0.6	0.05	-0.9	0
-0.75	0.7	-0.85	1
1.7	1.9	-0.15	0
-0.25	0.35	-0.8	1
0.5	0.5	-0.1	1
0.4	1.05	-0.4	1
0.1	0.45	-0.25	1
0.5	0.55	-0.3	1
0.7	0.85	-0.15	0
-0.15	0.4	-0.2	1
0.4	0.6	-0.1	0
-0.05	0.15	-0.5	1
1.15	1.5	-0.35	1
0.3	0.35	-0.25	0
-0.35	1.25	-0.35	0
-0.15	0.35	-0.7	1
1.0	1.05	-0.05	0
-0.6	0.4	-0.65	1
0.25	0.6	0.0	0
-0.45	0.3	-0.45	0
0.0	0.35	-0.9	1
1.3	1.35	-0.35	1
0.3	0.6	0.0	0
-1.55	0.2	-1.55	0
-1.65	0.1	-1.7	0
-0.2	0.15	-0.9	1
0.85	0.95	-0.1	0
-0.5	0.2	-0.7	1
2.45	2.45	0.0	0
-1.4	0.55	-1.85	0
-0.9	0.65	-1.1	1
0.35	0.35	-0.1	0
-0.55	0.6	-0.6	1
0.35	0.65	-0.15	1
1.15	1.15	-0.25	0
-0.75	0.1	-1.15	1
0.05	0.25	-0.5	1
0.5	1.1	0.0	1
0.15	0.35	-0.55	0
-0.1	0.15	-1.1	1
0.75	0.75	-0.05	0
-1.75	0.0	-2.55	1
0.85	1.15	-0.45	1
0.15	0.7	-0.1	0
-0.5	0.3	-0.75	0
-0.45	0.25	-0.55	0
-0.3	0.05	-0.65	0
-0.35	0.3	-0.8	0
-1.9	0.25	-2.5	0
-0.05	0.45	-0.05	1
0.45	1.1	-0.05	1
0.95	1.7	-0.4	1
0.45	1.3	-0.15	0
-0.5	0.25	-0.8	0
-0.45	0.25	-1.0	0
-0.55	0.1	-0.6	0
-0.05	0.25	-0.2	0
-1.5	0.3	-1.9	1
0.45	0.45	0.0	0
-1.65	0.2	-2.05	1
0.45	0.95	-0.05	0
-0.2	0.1	-0.9	0
-1.35	0.25	-1.45	0
-0.6	0.5	-0.6	0
-0.55	0.35	-0.75	0
-0.65	0.1	-1.32	1
0.95	1.1	-0.29	1
0.4	1.05	-0.05	1
2.55	4.0	-0.25	1
1.7	2.3	-0.45	0
-0.3	0.75	-0.45	0
-0.85	0.25	-1.35	0
-0.2	0.25	-0.4	1
0.45	0.55	-0.45	1
1.35	1.6	-0.15	0
-1.0	0.0	-1.2	1
0.8	0.8	-0.05	1
1.1	1.3	-0.05	1
2.65	3.85	-0.35	0
-1.75	0.2	-2.25	1
1.25	1.35	-0.25	1
0.35	0.65	-0.1	0
-0.05	0.15	-0.2	0
-0.1	0.1	-0.5	1
1.05	1.05	-0.4	1
0.4	0.4	-0.3	1
0.15	0.3	-1.8	0
-2.2	0.05	-2.25	1
0.6	0.85	-0.35	0
-0.15	0.25	-0.45	1
0.65	1.1	-0.05	1
0.15	0.55	0.0	0
-1.3	0.0	-2.25	1
1.35	1.45	-0.15	1
0.5	0.5	-0.3	0
-1.6	0.1	-2.6	1
0.35	1.65	0.0	1
0.45	0.5	-0.2	0
-0.65	0.3	-0.9	1
0.05	0.25	-0.35	0
-0.75	0.0	-0.75	0
0.0	0.75	-0.4	0
-1.7	0.0	-1.75	1
0.5	0.55	-0.3	0
-1.25	0.1	-1.65	1
0.4	0.6	-1.1	0
-0.15	0.35	-0.25	1
0.1	0.3	-0.05	1
0.3	0.55	0.0	1
0.85	1.25	0.0	0
-0.65	0.15	-1.15	0
-0.45	0.15	-0.65	1
0.45	0.45	-0.05	0
-0.75	0.1	-1.65	1
0.05	0.05	-0.65	1
0.55	0.95	-0.1	1
1.1	1.6	-0.35	0
-0.4	0.25	-0.65	0
-1.1	0.0	-1.15	0
-0.4	0.25	-0.85	1
0.05	1.25	-0.3	1
0.2	0.5	-0.05	0
-0.6	0.6	-0.6	0
-1.05	0.2	-1.05	0
-1.0	0.05	-1.35	0
-0.75	0.0	-0.95	1
0.65	0.65	-0.3	0
-1.0	0.45	-1.05	0
-0.75	0.0	-1.35	1
1.8	2.4	-0.15	1
0.25	0.45	-0.05	1
0.55	1.3	-0.6	0
-0.55	0.2	-0.9	1
0.95	1.25	-0.1	1
0.8	0.9	0.0	0
-0.4	0.15	-0.5	1
1.9	1.9	0.0	1
0.9	1.15	0.0	1
0.1	0.3	-0.7	1
0.65	0.65	-0.45	0
-1.4	0.1	-1.55	1
1.1	1.1	-0.1	1
0.25	0.4	-0.05	0
-1.65	0.0	-1.65	0
-0.2	0.5	-0.4	1
0.5	0.6	-0.5	1
0.25	0.35	-0.95	0
-0.45	0.15	-0.45	1
0.1	0.1	-0.05	0
-0.35	0.15	-0.85	0
-0.05	0.2	-0.95	1
0.25	0.35	-0.1	0
-1.35	0.0	-1.35	0
-0.6	0.0	-0.7	1
4.4	4.75	-0.55	0
-1.75	0.0	-2.55	1
0.6	0.9	-0.3	1
0.45	0.45	-0.05	0
-0.45	0.95	-0.75	0
0.0	0.15	-1.05	1
0.45	0.75	-0.1	1
0.05	0.25	-0.2	1
0.25	0.25	-0.15	1
0.15	0.2	-0.25	0
-1.25	0.1	-1.6	1
0.8	1.05	0.0	1
0.45	0.45	-0.2	0
-1.7	0.0	-1.75	1
0.85	1.5	-0.3	0
-0.6	0.05	-0.85	0
-1.2	0.4	-1.25	0
-0.2	0.35	-0.7	0
-0.1	0.15	-0.55	1
0.35	0.45	-0.25	1
0.25	0.35	-0.2	1
0.4	0.4	-0.1	0
-0.65	0.0	-1.15	1
2.05	2.25	0.0	0
-0.75	0.1	-0.95	0
-0.8	0.0	-0.95	1
0.75	0.8	-0.05	0
-0.05	0.5	-0.5	1
0.25	0.8	-0.35	0
-0.95	0.4	-1.05	0
-0.15	0.3	-0.15	0
-0.75	0.0	-1.0	0
-1.4	0.0	-1.55	0
-0.9	0.0	-1.3	1
0.1	0.6	-0.35	0
-0.35	0.25	-0.6	0
0.0	0.15	-0.25	0
-0.7	0.0	-0.9	0
-0.25	0.2	-0.75	0
-0.1	0.4	-0.15	0
-4.1	0.1	-4.5	0
-1.2	0.35	-1.85	1
2.2	2.45	-0.55	1
0.3	0.95	-0.2	0
-0.25	0.2	-0.9	1
1.2	1.95	0.0	1
0.4	0.65	-0.25	1
0.4	0.95	-0.55	1
0.2	0.2	-0.05	0
-0.15	0.5	-1.1	0
-1.3	0.55	-1.5	1
0.35	0.7	-0.65	0
-0.8	0.35	-1.0	0
-0.15	0.5	-0.45	0
-0.1	0.45	-0.45	0
-0.1	1.25	-0.15	0
-0.75	0.05	-0.85	0
-0.25	0.5	-0.25	0
-1.6	0.1	-1.64	1
0.1	0.2	-0.9	0
-0.51	0.3	-0.65	1
1.64	2.34	0.0	0
-0.35	0.55	-0.35	1
0.55	1.0	-0.25	1
0.2	0.75	0.0	1
0.25	0.65	-0.55	1
0.15	0.15	-0.2	1
0.7	0.75	-0.4	0
-0.65	0.55	-1.15	0
-0.55	0.2	-0.55	1
1.2	1.25	-0.05	0
-0.9	0.2	-0.95	1
0.25	0.7	-0.3	1
0.75	0.8	-0.25	1
1.75	2.15	0.0	0
-0.25	0.65	-0.25	0
-1.7	0.0	-2.4	1
1.0	1.15	0.0	0
-0.85	0.05	-1.05	0
-0.8	0.2	-0.95	0
-0.75	0.0	-0.85	0
-0.4	0.8	-0.68	0
-0.05	0.75	-0.23	1
0.1	0.6	0.0	1
0.4	0.4	0.0	1
0.35	1.35	-0.05	0
-0.15	0.2	-0.55	0
-1.7	0.2	-2.0	0
-0.45	0.0	-0.59	1
0.05	0.65	-0.06	0
-0.46	0.35	-0.46	1
0.56	0.61	-0.04	1
1.55	1.75	-0.1	1
0.15	0.15	-0.15	1
0.45	1.25	-1.15	0
-0.1	0.15	-0.45	1
0.3	0.45	0.0	0
-0.05	0.35	-0.1	1
0.2	0.45	-0.15	0
-0.2	0.15	-0.35	1
0.15	1.25	-0.15	0
-1.2	0.2	-1.3	1
0.5	0.5	-0.2	0
-1.9	0.0	-3.28	0
-1.22	0.0	-1.46	0
-0.86	0.2	-1.2	1
0.32	0.6	-0.62	0
-0.18	0.0	-0.96	1
0.32	0.96	-0.02	0
-0.44	0.18	-0.66	1
0.3	0.9	-0.08	0
0.0	0.2	-0.04	0
-0.9	0.0	-1.92	1
0.34	0.9	-0.22	1
0.62	0.78	-0.02	0
-0.08	0.1	-0.54	1
0.02	0.02	-0.48	1
0.16	0.84	-0.24	0
-0.74	0.0	-0.74	0
-1.6	0.0	-1.62	0
-0.36	0.04	-0.38	0
-1.94	0.32	-2.28	0
-0.7	0.52	-1.76	1
0.26	0.56	-0.64	0
-0.88	0.0	-1.4	0
-0.44	0.08	-1.14	1
0.14	0.74	-0.48	0
-1.06	0.06	-1.3	0
-0.24	0.38	-0.88	0
-0.64	0.06	-0.66	0
-1.9	0.0	-2.2	0
-0.9	0.64	-1.12	1
0.76	0.76	-0.24	1
0.78	0.88	-0.66	1
0.44	0.98	-0.42	0
-1.26	0.22	-1.28	0
-0.16	0.66	-0.4	0
-0.72	0.1	-0.76	0
-0.32	0.26	-0.32	0
-0.84	0.0	-2.3	1
1.16	1.5	-0.24	0
-0.58	0.24	-1.24	0
-0.2	0.46	-0.24	0
-0.2	0.16	-0.64	1
0.12	0.56	-0.66	0
-0.22	0.98	-0.24	1
2.1	2.1	-0.06	1
0.4	0.4	0.0	1
0.48	1.18	-0.96	0
-0.54	0.0	-1.68	1
1.3	1.36	-0.46	0
-0.14	0.64	-0.24	1
0.1	0.32	-0.12	1
0.8	0.8	0.0	0
-0.66	0.26	-0.68	1
0.86	0.98	-0.18	0
-0.54	0.04	-0.54	1
1.66	1.98	0.0	0
-2.84	0.24	-3.12	0
-1.32	0.12	-1.9	1
0.06	0.52	-0.08	0
-0.56	0.12	-0.96	1
0.1	0.5	-0.18	1
0.4	1.1	-0.1	0
-1.62	0.04	-2.64	0
-0.04	0.06	-0.28	1
0.1	1.1	-1.12	1
0.24	0.7	-0.56	0
-0.54	0.22	-1.14	1
0.44	0.74	0.0	0
-0.34	0.24	-0.42	0
-1.16	0.12	-1.22	1
0.34	0.36	-0.22	1
0.46	0.66	-0.9	0
-0.12	0.18	-0.36	0
-0.88	0.3	-1.2	0
-0.34	0.64	-0.48	1
1.06	1.08	0.0	1
0.46	0.52	-0.18	1
0.86	0.86	-0.04	0
-0.32	0.42	-1.18	0
-1.14	0.08	-1.66	1
0.18	0.28	-0.72	0
-0.2	0.02	-0.56	1
4.28	4.28	-0.36	1
0.36	0.64	-0.92	0
-0.22	0.44	-0.28	1
0.02	0.14	-0.48	0
-0.36	0.26	-0.5	1
0.06	0.3	-0.52	0
-1.14	0.04	-1.96	1
0.8	0.9	-0.36	1
0.08	0.08	-0.08	1
0.78	1.7	-0.72	1
1.8	2.0	-0.32	0
-0.3	0.2	-0.6	0
-1.0	0.22	-1.08	0
-0.12	0.18	-0.62	0
-0.3	0.28	-1.02	0
-0.48	0.36	-0.58	0
0.0	0.38	-0.62	1
0.12	0.12	-0.26	0
-0.7	0.0	-1.36	0
-0.82	0.12	-1.1	1
0.76	1.02	-0.18	0
-0.02	0.08	-0.26	1
0.52	0.88	0.0	0
-2.58	0.8	-2.58	0
-1.4	0.72	-1.42	0
-0.26	0.48	-0.84	0
-0.28	0.0	-0.28	1
1.62	1.64	-0.98	0
-1.72	0.24	-1.78	1
0.36	1.32	-0.32	0
-0.04	0.38	-0.34	0
-0.62	0.18	-0.68	1
0.56	0.56	-1.2	0
-0.9	0.28	-1.24	0
-0.56	0.32	-1.54	0
-0.48	0.18	-0.48	1
0.56	1.54	-0.48	1
0.32	0.78	-0.3	1
0.1	0.48	-0.24	1
0.26	0.72	-0.1	0
-0.34	0.08	-0.48	1
0.42	0.42	-0.18	0
-0.06	0.0	-0.7	0
-0.24	0.64	-0.36	0
-0.52	0.46	-0.52	0
-1.2	0.26	-1.8	1
0.3	1.1	-0.14	0
-0.14	0.24	-0.4	0
-0.28	0.54	-0.44	0
-0.3	0.22	-0.84	0
-0.38	0.1	-0.54	1
0.06	1.04	-0.22	1
1.34	2.08	-0.02	0
-0.14	0.82	-0.16	1
0.42	0.76	-0.1	1
0.72	1.72	0.0	0
-0.4	0.0	-0.96	1
0.04	0.48	-0.14	0
-0.3	0.46	-0.32	0
-0.48	0.22	-0.86	1
0.76	1.04	-0.34	1
0.64	0.74	-0.02	0
-0.02	0.18	-0.12	0
-0.1	0.86	-0.18	0
-0.64	0.0	-1.06	0
-0.54	0.0	-0.64	0
-0.94	0.0	-1.04	1
0.18	0.48	-0.18	0
-0.36	0.3	-0.46	0
-0.92	0.34	-1.02	0
-0.4	0.0	-0.8	0
-0.1	0.08	-0.14	1
1.2	1.9	-0.18	1
0.36	0.68	-0.18	1
0.2	0.36	-1.16	1
0.5	0.66	-0.04	1
0.68	0.86	0.0	1
0.64	0.7	-0.2	0
-0.3	0.3	-0.42	1
0.58	0.84	0.0	0
-0.62	0.14	-0.62	1
0.3	0.44	-0.7	1
1.7	1.72	-0.1	0
-1.16	0.28	-1.3	1
0.14	0.54	-0.26	1
0.74	0.9	0.0	1
0.56	0.66	-0.18	0
-0.74	0.68	-0.92	1
0.64	0.9	-0.34	0
-0.04	0.0	-0.26	0
-2.2	0.0	-2.46	1
0.28	0.62	-0.52	0
-0.38	0.14	-0.58	0
-0.76	0.2	-1.1	0
-0.08	0.28	-1.02	0
-0.38	0.26	-0.7	0
-0.46	0.3	-0.46	0
-0.9	0.04	-1.02	0
-0.1	0.2	-0.1	1
0.18	0.66	-1.86	0
-0.64	0.1	-1.32	1
0.7	1.68	-0.16	1
0.86	0.86	-0.16	0
-1.82	0.12	-2.2	1
0.76	0.86	-0.48	1
0.14	0.94	-1.0	1
2.4	2.54	0.0	0
-1.2	0.0	-1.2	1
1.26	1.6	-0.1	1
0.04	0.34	-0.56	0
-0.42	0.2	-1.04	1
0.28	0.52	-0.26	1
0.42	0.44	-0.12	0
-0.66	0.0	-0.76	0
-0.86	0.16	-1.24	0
-0.56	0.0	-1.22	1
0.42	0.42	0.0	0
-0.74	0.62	-1.4	0
-0.56	0.36	-0.64	0
0.0	0.26	-0.44	1
0.9	1.16	-0.32	0
-0.62	0.1	-0.94	1
1.94	2.28	-0.12	1
0.26	0.42	-0.5	1
0.2	0.94	-0.22	1
0.4	0.4	0.0	0
-0.76	0.16	-1.28	1
0.9	1.44	-0.18	1
1.64	1.66	-0.04	1
0.76	1.52	-0.54	1
0.36	0.36	-0.44	0
-2.42	0.2	-2.66	0
-0.58	0.76	-0.82	0
-0.66	0.56	-0.74	1
0.4	0.42	-0.3	1
0.66	1.4	-0.6	0
-0.62	0.06	-1.02	1
0.88	0.88	-0.06	1
0.08	0.44	-0.24	0
-0.92	0.12	-0.92	1
